1 0.7980020484375 0.591903409375 0.8045594265625 0.591903409375 0.8078381140625 0.6040246218750001 0.8111168031249999 0.6040246218750001 0.8111168031249999 0.6100852265625 0.830788934375 0.6100852265625 0.830788934375 0.6040246218750001 0.840625 0.6040246218750001 0.840625 0.597964015625 0.8471823765625001 0.597964015625 0.8471823765625001 0.591903409375 0.8537397546874999 0.591903409375 0.8668545078125 0.561600378125 0.8701331968750001 0.561600378125 0.8701331968750001 0.5555397734375 0.8734118859375 0.5555397734375 0.8734118859375 0.5494791671875 0.8766905734374999 0.5494791671875 0.8766905734374999 0.5434185609375 0.8799692625000001 0.5434185609375 0.8832479515625 0.5191761359375 0.8865266390625 0.5191761359375 0.8865266390625 0.50099431875 0.8799692625000001 0.50099431875 0.8799692625000001 0.49493371249999996 0.8340676234375 0.49493371249999996 0.8340676234375 0.48887310624999997 0.8209528687500001 0.48887310624999997 0.8209528687500001 0.4828125 0.8045594265625 0.4828125 0.8045594265625 0.47675189375000004 0.761936475 0.47069128750000006 0.761936475 0.47675189375000004 0.7455430328125 0.47675189375000004 0.7422643437499999 0.48887310624999997 0.73898565625 0.48887310624999997 0.73898565625 0.50099431875 0.7521004093749999 0.5191761359375 0.7521004093749999 0.5252367421875 0.7652151640625 0.5312973484375 0.7652151640625 0.5373579546875 0.771772540625 0.5373579546875 0.7848872953124999 0.567660984375 0.7881659843750001 0.567660984375 0.7881659843750001 0.573721590625 0.791444671875 0.573721590625 0.791444671875 0.579782196875 0.7947233609375 0.579782196875 0.7947233609375 0.585842803125 0.7980020484375 0.585842803125 0.7980020484375 0.591903409375
1 0.5706711062500001 0 0.5652151640625 0.0100852265625 0.5652151640625 0.0222064390625 0.571772540625 0.0343276515625 0.57832991875 0.0343276515625 0.57832991875 0.0403882578125 0.5848872953125 0.0403882578125 0.5848872953125 0.0464488640625 0.6012807375 0.0464488640625 0.6012807375 0.052509470312499994 0.6143954921875 0.052509470312499994 0.6143954921875 0.058570075 0.670133196875 0.06463068125 0.670133196875 0.058570075 0.6832479515625 0.058570075 0.6832479515625 0.052509470312499994 0.69964139375 0.0464488640625 0.7061987703125 0.0282670453125 0.719313525 0.0222064390625 0.719313525 0.0161458328125 0.7291495906250001 0.0161458328125 0.7357069671875001 0.004024621875 0.7422643437499999 0.004024621875 0.7444415984375 0 0.5706711062500001 0
1 0.6734118859375 0.567660984375 0.6799692625 0.567660984375 0.70292008125 0.5191761359375 0.7061987703125 0.5191761359375 0.7061987703125 0.4828125 0.6963627046875 0.47675189375000004 0.6963627046875 0.47069128750000006 0.6570184421875 0.47069128750000006 0.6570184421875 0.46463068124999996 0.62095286875 0.46463068124999996 0.62095286875 0.458570075 0.5553790984375 0.458570075 0.5553790984375 0.46463068124999996 0.5455430328124999 0.47069128750000006 0.5455430328124999 0.5373579546875 0.5553790984375 0.5494791671875 0.5553790984375 0.5555397734375 0.561936475 0.5555397734375 0.568493853125 0.573721590625 0.5848872953125 0.579782196875 0.5848872953125 0.585842803125 0.6176741796874999 0.591903409375 0.6176741796874999 0.597964015625 0.650461065625 0.597964015625 0.650461065625 0.591903409375 0.6570184421875 0.591903409375 0.6570184421875 0.585842803125 0.6635758203125001 0.585842803125 0.6635758203125001 0.579782196875 0.670133196875 0.579782196875 0.6734118859375 0.567660984375
1 0.6898053281250001 0.1373579546875 0.6898053281250001 0.13129734843750002 0.6668545078125 0.13129734843750002 0.6668545078125 0.1252367421875 0.6275102453125 0.1252367421875 0.6275102453125 0.11917613593750001 0.6078381140625 0.1252367421875 0.6078381140625 0.11917613593750001 0.5848872953125 0.11917613593750001 0.5848872953125 0.1252367421875 0.5586577875 0.13129734843750002 0.5455430328124999 0.1555397734375 0.54226434375 0.197964015625 0.548821721875 0.2100852265625 0.57832991875 0.22220643906249998 0.57832991875 0.22826704531250003 0.6078381140625 0.22826704531250003 0.6078381140625 0.2343276515625 0.6963627046875 0.2403882578125 0.6963627046875 0.2343276515625 0.7225922125 0.22826704531250003 0.771772540625 0.17978219687500002 0.768493853125 0.1555397734375 0.7521004093749999 0.1494791671875 0.7521004093749999 0.1434185609375 0.7127561468750001 0.1434185609375 0.7127561468750001 0.1373579546875 0.6898053281250001 0.1373579546875
1 0.8169921875 0.301953125 0.7837890625 0.309765625 0.765234375 0.3341796875 0.7515625 0.3810546875 0.7515625 0.4044921875 0.7564453125 0.409375 0.773046875 0.4083984375 0.7994140625 0.399609375 0.821875 0.3712890625 0.82578125 0.3126953125 0.8169921875 0.301953125
1 0.68515625 0.4044921875 0.68515625 0.4201171875 0.706640625 0.4435546875 0.7203125 0.4162109375 0.7203125 0.3986328125 0.6958984375 0.39375 0.68515625 0.4044921875
1 0.5640625 0.4064453125 0.56796875 0.4220703125 0.5767578125 0.42890625 0.593359375 0.4279296875 0.597265625 0.4142578125 0.59140625 0.4025390625 0.5689453125 0.39765625 0.5640625 0.4064453125
1 0.509375 0.6296875 0.5585797984374999 0.6296875 0.562109375 0.5802734375 0.5572265625 0.575390625 0.5357421875 0.575390625 0.5181640625 0.58515625 0.509375 0.5978515625 0.509375 0.6296875
1 0.509375 0.09350685625 0.530859375 0.0939453125 0.5640625 0.0626953125 0.5630859375 0.04609375 0.5357421875 0.0421875 0.5201171875 0.051953125 0.509375 0.051953125 0.509375 0.09350685625
1 0.5298828125 0.313671875 0.526953125 0.3263671875 0.5376953125 0.33515625 0.546484375 0.3341796875 0.55625 0.3302734375 0.554296875 0.3205078125 0.5416015625 0.31171875 0.5298828125 0.313671875
1 0.509375 0.4104571375 0.51328125 0.4103515625 0.53671875 0.3830078125 0.5318359375 0.368359375 0.509375 0.3673828125 0.509375 0.4104571375
1 0.8921875 0.1779296875 0.9029296875 0.149609375 0.9634765625 0.14375 0.96640625 0.1388671875 0.9556640625 0.130078125 0.9263671875 0.13203125 0.8443359375 0.106640625 0.8111328125 0.106640625 0.80625 0.1115234375 0.804296875 0.1427734375 0.819921875 0.1818359375 0.7896484375 0.18671875 0.77890625 0.2072265625 0.84140625 0.2951171875 0.851171875 0.2970703125 0.86484375 0.2736328125 0.8765625 0.2072265625 0.866796875 0.1974609375 0.8921875 0.1779296875
1 0.8314550781250001 0 0.8296875 0.0353515625 0.8658203125 0.051953125 0.933203125 0.0568359375 0.9322265625 0.040234375 0.90390625 0.0314453125 0.8943359375 0 0.8314550781250001 0
1 0.6890625 0.3146484375 0.691015625 0.3009765625 0.6802734375 0.298046875 0.679296875 0.3126953125 0.6890625 0.3146484375
1 0.398046875 0.958460840625 0.378515625 0.9574234953125 0.369140625 0.9615728734375001 0.36875 0.9683156125 0.38125 0.9818010890625001 0.400390625 0.980245071875 0.40625 0.9683156125 0.398046875 0.958460840625
1 0.509375 0.914003071875 0.5170379578125 0.9121109828125 0.5401739796875 0.9121109828125 0.5387279781250001 0.883833625 0.5271599671875 0.8761216171875 0.509375 0.8761216171875 0.509375 0.914003071875