1 0.651551646875 0 0.6477430562500001 0.0007523140625 0.6173611109375 0.030073303125 0.6329861109375 0.040875771875 0.6659722218749999 0.056307870312499994 0.7032986109375 0.0470486109375 0.7380208328125001 0.0470486109375 0.7649305562500001 0.0239004625 0.7380208328125001 0.0007523140625 0.7344943609375 0 0.651551646875 0
1 0.509375 0.6389416875 0.4986245171875 0.6381443296875 0.37893339843749996 0.669072165625 0.42140444062500004 0.72061855625 0.4291264484375 0.787628865625 0.48704150625000003 0.8134020625 0.509375 0.8159577515624999 0.509375 0.6389416875
1 0.673258196875 0.7786931812500001 0.673258196875 0.772632575 0.6863729515625 0.772632575 0.6863729515625 0.7665719703125 0.7027663937499999 0.7605113640625 0.7093237703125 0.7423295453125001 0.722438525 0.7362689390625 0.722438525 0.7302083328125001 0.7322745906250001 0.7302083328125001 0.7388319671875 0.718087121875 0.74538934375 0.718087121875 0.751946721875 0.7059659093749999 0.751946721875 0.693844696875 0.7552254093749999 0.693844696875 0.7552254093749999 0.6817234843750001 0.7486680328124999 0.6696022734375 0.722438525 0.6574810609374999 0.722438525 0.6514204546875 0.712602459375 0.6514204546875 0.712602459375 0.6453598484375 0.6765368859375 0.6453598484375 0.6699795078124999 0.6574810609374999 0.6699795078124999 0.6817234843750001 0.6667008203125 0.687784090625 0.64375 0.6817234843750001 0.64375 0.675662878125 0.58473360625 0.675662878125 0.5781762296874999 0.7059659093749999 0.5683401640625 0.7241477265625 0.5683401640625 0.7362689390625 0.5748975406250001 0.7483901515625 0.58145491875 0.7483901515625 0.58145491875 0.7544507578124999 0.5880122953125 0.7544507578124999 0.5880122953125 0.7605113640625 0.6044057374999999 0.7605113640625 0.6044057374999999 0.7665719703125 0.6175204921875 0.7665719703125 0.6175204921875 0.772632575 0.673258196875 0.7786931812500001
1 0.692930328125 0.8514204546874999 0.692930328125 0.8453598484375 0.6699795078124999 0.8453598484375 0.6699795078124999 0.8392992421875001 0.6306352453125 0.8392992421875001 0.6306352453125 0.8332386359375 0.6109631140625 0.8392992421875001 0.6109631140625 0.8332386359375 0.5880122953125 0.8332386359375 0.5880122953125 0.8392992421875001 0.5617827875 0.8453598484375 0.5486680328125 0.8696022734375 0.5453893437499999 0.9120265156249999 0.551946721875 0.9241477265625001 0.58145491875 0.9362689390625001 0.58145491875 0.9423295453125 0.6109631140625 0.9423295453125 0.6109631140625 0.9483901515625 0.6994877046875 0.9544507578125 0.6994877046875 0.9483901515625 0.7257172125 0.9423295453125 0.774897540625 0.893844696875 0.7716188531249999 0.8696022734375 0.7552254093749999 0.8635416671874999 0.7552254093749999 0.8574810609375 0.715881146875 0.8574810609375 0.715881146875 0.8514204546874999 0.692930328125 0.8514204546874999
1 0.509375 0.8075055796875 0.533984375 0.8080078125 0.5671875 0.7767578125 0.5662109375 0.76015625 0.5388671875 0.75625 0.5232421875 0.766015625 0.509375 0.766015625 0.509375 0.8075055796875
1 0.860791015625 1 0.86796875 0.9876953125 0.8796875 0.9212890625 0.869921875 0.9115234375 0.8953125 0.8919921875 0.9060546875 0.863671875 0.9666015625 0.8578125 0.96953125 0.8529296875 0.9587890625 0.844140625 0.9294921875 0.84609375 0.8474609375 0.820703125 0.8142578125 0.820703125 0.809375 0.8255859375 0.807421875 0.8568359375 0.823046875 0.8958984375 0.7927734375 0.90078125 0.78203125 0.9212890625 0.838003471875 1 0.860791015625 1
1 0.7009765625 0.54140625 0.68046875 0.5638671875 0.678515625 0.5892578125 0.6970703125 0.615625 0.7205078125 0.63515625 0.729296875 0.6341796875 0.7546875 0.6302734375 0.756640625 0.5501953125 0.7419921875 0.54140625 0.7009765625 0.54140625
1 0.6326171875 0.570703125 0.621875 0.5853515625 0.6140625 0.6322265625 0.66484375 0.6439453125 0.658984375 0.6302734375 0.662890625 0.6048828125 0.64921875 0.5755859375 0.6326171875 0.570703125
1 0.643359375 0.5287109375 0.6501953125 0.535546875 0.67265625 0.5345703125 0.682421875 0.4896484375 0.6716796875 0.480859375 0.6501953125 0.480859375 0.643359375 0.5287109375
1 0.7283203125 0.51796875 0.7546875 0.5248046875 0.7576171875 0.500390625 0.7283203125 0.4984375 0.71953125 0.5033203125 0.7283203125 0.51796875
1 0.70390625 0.4779296875 0.701953125 0.4857421875 0.7107421875 0.49453125 0.72734375 0.4935546875 0.733203125 0.4857421875 0.7302734375 0.480859375 0.7166015625 0.475 0.70390625 0.4779296875
1 0.7166015625 0.457421875 0.7390625 0.4583984375 0.744921875 0.4486328125 0.7400390625 0.44375 0.713671875 0.4466796875 0.7166015625 0.457421875
1 0.6517764140625 0.4296875 0.6609375 0.4681640625 0.66875 0.4681640625 0.670703125 0.4525390625 0.6919224328125 0.4296875 0.6517764140625 0.4296875
1 0.8591796875 0.646875 0.8875 0.6458984375 0.89140625 0.6419921875 0.8845703125 0.63125 0.854296875 0.6283203125 0.8591796875 0.646875
1 0.8884765625 0.629296875 0.90703125 0.6322265625 0.908984375 0.6205078125 0.9041015625 0.615625 0.88359375 0.6146484375 0.8884765625 0.629296875
1 0.877734375 0.6771484375 0.8611328125 0.6625 0.8513671875 0.6625 0.834765625 0.7103515625 0.8328125 0.7494140625 0.8689453125 0.766015625 0.936328125 0.7708984375 0.9353515625 0.754296875 0.90703125 0.7455078125 0.893359375 0.7005859375 0.877734375 0.6771484375
1 0.8591796875 0.54921875 0.8484375 0.5619140625 0.8484375 0.5970703125 0.893359375 0.5970703125 0.897265625 0.5931640625 0.88359375 0.5638671875 0.8689453125 0.54921875 0.8591796875 0.54921875
1 0.86015625 0.5072265625 0.8669921875 0.523828125 0.89140625 0.5248046875 0.89921875 0.5169921875 0.8943359375 0.500390625 0.8806640625 0.4984375 0.86015625 0.5072265625
1 0.8767578125 0.433984375 0.8484375 0.4349609375 0.8474609375 0.475 0.903125 0.4818359375 0.9109375 0.4740234375 0.9060546875 0.457421875 0.8708984375 0.449609375 0.8767578125 0.433984375
1 0.9177734375 0.47109375 0.934375 0.4720703125 0.940234375 0.4701171875 0.9392578125 0.461328125 0.91484375 0.4583984375 0.9177734375 0.47109375
1 0.8946484375000001 0.4296875 0.889453125 0.4310546875 0.8943359375 0.445703125 0.9109375 0.4447265625 0.91484375 0.4330078125 0.9115234375 0.4296875 0.8946484375000001 0.4296875
1 0.9509765625 0.476953125 0.965625 0.4759765625 0.9646484375 0.46328125 0.9509765625 0.461328125 0.94609375 0.4662109375 0.9509765625 0.476953125