1 0.2680697453125 0.459375 0.2690586296875 0.4591147109375 0.281541015625 0.4431534734375 0.26714007500000003 0.4322738109375 0.25529877968750003 0.43666244374999996 0.24578193593750003 0.459375 0.2680697453125 0.459375
1 0.30763240625 0.43709612187499997 0.3299055453125 0.43579980156250003 0.3162729703125 0.4249484234375 0.294645634375 0.4303693984375 0.30763240625 0.43709612187499997
1 0.541135515625 0.459375 0.5587794015625 0.4385940921875 0.5721993125 0.41503622343749996 0.5287251656249999 0.3966472703125 0.49561061874999995 0.4067011015625 0.463499321875 0.40716079374999997 0.442091790625 0.4074672578125 0.41801501874999997 0.417484353125 0.41725115781250005 0.45444319999999994 0.42364748125 0.459375 0.541135515625 0.459375
1 0.536480034375 0.459375 0.553125 0.4478515625 0.5609375 0.4302734375 0.5560546875 0.41171875 0.5345703125 0.40390625 0.4837890625 0.40390625 0.4408203125 0.405859375 0.426171875 0.4146484375 0.4232421875 0.448828125 0.489625459375 0.459375 0.536480034375 0.459375
1 0.93984375 0.3072265625 0.965234375 0.3033203125 0.9564453125 0.296484375 0.930078125 0.3033203125 0.93984375 0.3072265625
1 0.7416015625 0.230078125 0.73671875 0.2486328125 0.723046875 0.2662109375 0.7484375 0.2701171875 0.75625 0.2544921875 0.7484375 0.2466796875 0.7484375 0.2310546875 0.7416015625 0.230078125
1 0.359375 0.3757654140625 0.3919921875 0.413671875 0.4046875 0.4146484375 0.40859375 0.4029296875 0.396875 0.3794921875 0.3705078125 0.353125 0.359375 0.353125 0.359375 0.3757654140625
1 0.76796875 0.2759765625 0.7669921875 0.27109375 0.76015625 0.2720703125 0.7611328125 0.276953125 0.76796875 0.2759765625
1 0.7457250312499999 0.4054040453125 0.759662440625 0.4142885703125 0.775584365625 0.397038546875 0.7903461109375 0.3847396359375 0.7774722 0.381513525 0.7540701765625 0.3879555703125 0.7457250312499999 0.4054040453125
1 0.359375 0.228360609375 0.3608714046875 0.2302374328125 0.3849451109375 0.23285801093749997 0.3995491125 0.2271181796875 0.40100951250000005 0.2272453921875 0.39012520625 0.21814206249999998 0.37291589062499997 0.2184219296875 0.359375 0.21715637031249999 0.359375 0.228360609375
1 0.359375 1 0.359375 0.9229270828124999 0.32537453125 0.8667291671874999 0.316947565625 0.8917291671874998 0.22331460625 0.8700624999999998 0.1661985015625 0.8767291671875 0.133426965625 0.9167291671874999 0.0914030265625 1 0.359375 1
1 0.359375 0.5726918109375 0.34971910156249997 0.5750625 0.28043071249999996 0.5600625 0.21769662968749998 0.5617291671875 0.1521535578125 0.6067291671875 0.09316479375 0.6900625 0.1221910109375 0.7483958328125 0.10159175937500001 0.7933958328124999 0.1699438203125 0.8233958328125001 0.2598314609375 0.8450625 0.29728464374999997 0.8100625000000001 0.359375 0.8249085828125 0.359375 0.5726918109375
1 0.7336585234375 0.686767215625 0.7062308953125 0.6972126703124999 0.693631925 0.7052754531250001 0.6932203046875001 0.7153632671875 0.685569778125 0.7346823140625001 0.68871836875 0.747090403125 0.6965420140624999 0.7646588265625001 0.7004151109375 0.76845110625 0.7085334281250001 0.7705717828124999 0.7405981500000001 0.7506788703125 0.7772589390625 0.7451941468750001 0.8513445125000001 0.7209849609375001 0.8941491124999998 0.701116984375 0.9053203562500001 0.6887421421875001 0.902953975 0.680014065625 0.8938970046874999 0.6734773734375 0.8382231156250001 0.6568487703125 0.83061361875 0.6523121734374999 0.8024543625 0.6654295796875 0.7678739015625 0.6807394875 0.7336585234375 0.686767215625
1 1 1 1 0.7021068625 0.9953961625 0.706261271875 0.9938894453125 0.7111970671875 0.9987011953125 0.7194053640625 0.99881814375 0.7247652953125 0.9856511093750001 0.742179890625 0.9878413 0.752483928125 0.9941005234375 0.762692321875 0.9889941015625 0.7699317703125 0.9563036109375 0.7868806703125 0.881709215625 0.813505775 0.8723180765624999 0.8270407562500001 0.8660968125 0.8314401484375 0.852402746875 0.8343509125 0.819242928125 0.8490918046875 0.78582946875 0.8554248 0.7787667515625001 0.8630800703125001 0.7716250453125 0.879983196875 0.7525116734375 0.8886614046875 0.7430035859374999 0.8968364531249999 0.7394615874999999 0.911435928125 0.7388919890625 0.9400194546874999 0.7457177390625 0.9601077499999999 0.7474765624999999 0.9828115671875001 0.7533636609375 0.9984838484375 0.7551067734375 1 1 1