1 0.1124102390625 0.5796875 0.11300208593750001 0.5757273296875 0.09651926093749999 0.5707806640624999 0.078878925 0.5767524765625 0.079330921875 0.5796875 0.1124102390625 0.5796875
1 0.7881944437499999 0.482732809375 0.79930555625 0.495483265625 0.7948611109374999 0.5428421 0.79930555625 0.5537710609375 0.8248611109375 0.5555925546875 0.85930555625 0.5391991125 0.8804166671875 0.5428421 0.8893055562499999 0.53737761875 0.891527778125 0.5064122265625 0.88819444375 0.490018784375 0.8770833328125001 0.477268328125 0.8893055562499999 0.44630293749999994 0.88819444375 0.43537397499999997 0.87819444375 0.42262352031250006 0.861527778125 0.42262352031250006 0.81930555625 0.44083845625 0.80930555625 0.4663393671875 0.7881944437499999 0.482732809375
1 0.3537391171875 0.8861276109375 0.32957645 0.8890914453125 0.29552081406249997 0.9059837984375001 0.318744953125 0.9350306859374999 0.3454071671875 0.9291030156250001 0.3537391171875 0.8861276109375
1 0.5296875 0.8950190578124999 0.5037142171875 0.8950190578124999 0.44552081406250005 0.8985763906249999 0.47538563749999996 0.9498498015625 0.5295433125 0.9483679125 0.5296875 0.948321284375 0.5296875 0.8950190578124999
1 0.47350678281249997 1 0.48871668125 0.9913433171874999 0.47705200156250005 0.9646689187499999 0.44955654218749996 0.9602231937500001 0.40906248125 0.9707986125 0.43054007656250004 1 0.47350678281249997 1
1 0.41122964843750004 0.8194415859374999 0.37156248125 0.82635416875 0.389566528125 0.8638989359375 0.43205952343750004 0.8194415859374999 0.41122964843750004 0.8194415859374999
1 0.5296875 0.9053262249999999 0.4736328125 0.90078125 0.4453125 0.9056640625 0.4482421875 0.914453125 0.4970703125 0.93203125 0.5296875 0.931391696875 0.5296875 0.9053262249999999
1 0.3671875 0.8236328125 0.3779296875 0.83828125 0.39453125 0.8373046875 0.4208984375 0.834375 0.43359375 0.8216796875 0.3896484375 0.81875 0.3671875 0.8236328125
1 0.294921875 0.9076171875 0.3017578125 0.91640625 0.337890625 0.9173828125 0.3544921875 0.9125 0.357421875 0.8998046875 0.3212890625 0.894921875 0.294921875 0.9076171875
1 0.1513671875 0.879296875 0.181640625 0.8783203125 0.19140625 0.8705078125 0.1572265625 0.86953125 0.150390625 0.8744140625 0.1513671875 0.879296875
1 0.294921875 0.9076171875 0.3017578125 0.91640625 0.337890625 0.9173828125 0.3544921875 0.9125 0.357421875 0.8998046875 0.3212890625 0.894921875 0.294921875 0.9076171875
1 0.3447265625 0.8421875 0.333984375 0.8490234375 0.3388671875 0.86171875 0.3671875 0.8626953125 0.3857421875 0.8578125 0.388671875 0.8509765625 0.3779296875 0.8421875 0.3447265625 0.8421875
1 0.7839475828125 0.8380645859375001 0.7677264140625001 0.8380645859375001 0.7482610125 0.83476885625 0.7306494578125 0.8372406531250001 0.713501365625 0.8331209906249999 0.706085975 0.8380645859375001 0.6991340453125 0.8355927890625001 0.6903282671875 0.8479517734375 0.67874171875 0.84877570625 0.6773513328125 0.860310759375 0.696816734375 0.8734936781249999 0.7445533171875001 0.874317609375 0.7737514203125 0.8701979484375 0.793216821875 0.8710218796875001 0.798778365625 0.84877570625 0.7839475828125 0.8380645859375001