1 0.13984375 0.41953125 0.07421875 0.41953125 0.07421875 0.44765625 0.13984375 0.44765625 0.13984375 0.41953125
1 0.140625 0.3435546875 0.1396484375 0.35234375 0.1279296875 0.3484375 0.1123046875 0.35625 0.1064453125 0.36796875 0.09375 0.3689453125 0.1357421875 0.371875 0.130859375 0.3669921875 0.1337890625 0.35625 0.1396484375 0.35625 0.1416015625 0.3640625 0.1494140625 0.3640625 0.1513671875 0.35625 0.1630859375 0.3640625 0.1669921875 0.3484375 0.171875 0.3494140625 0.169921875 0.3611328125 0.1787109375 0.3640625 0.1796875 0.3494140625 0.1962890625 0.3484375 0.2001953125 0.340625 0.203125 0.3611328125 0.2177734375 0.3640625 0.2216796875 0.3796875 0.2265625 0.3787109375 0.2255859375 0.371875 0.2333984375 0.371875 0.2353515625 0.3796875 0.248046875 0.3787109375 0.240234375 0.3611328125 0.2119140625 0.33671875 0.1552734375 0.334765625 0.140625 0.3435546875
1 0.309375 0.49401041718750005 0.2998046875 0.48125 0.2958984375 0.4890625 0.2841796875 0.48125 0.2763671875 0.496875 0.2431640625 0.49296875 0.2177734375 0.483203125 0.21484375 0.4705078125 0.2060546875 0.465625 0.1337890625 0.46171875 0.1337890625 0.45390625 0.1259765625 0.455859375 0.1279296875 0.459765625 0.0908203125 0.451953125 0.0751953125 0.4578125 0.064453125 0.4529296875 0.0595703125 0.43828125 0.046875 0.4412109375 0.029296875 0.5037109375 0.029296875 0.5271484375 0.0361328125 0.533984375 0.08578125 0.55 0.2628756015625 0.55 0.2724609375 0.545703125 0.309375 0.542130796875 0.309375 0.49401041718750005
1 0.309375 0.4279296875 0.2998046875 0.4265625 0.2939453125 0.41875 0.2861328125 0.424609375 0.2802734375 0.412890625 0.2685546875 0.432421875 0.265625 0.4138671875 0.2607421875 0.41875 0.2490234375 0.405078125 0.244140625 0.4080078125 0.25 0.4138671875 0.2431640625 0.41484375 0.1884765625 0.393359375 0.1591796875 0.397265625 0.1201171875 0.38359375 0.0693359375 0.3953125 0.052734375 0.4314453125 0.0546875 0.4451171875 0.0693359375 0.455859375 0.1083984375 0.455859375 0.0703125 0.4470703125 0.0732421875 0.440234375 0.080078125 0.4412109375 0.0810546875 0.420703125 0.1162109375 0.420703125 0.140625 0.4353515625 0.1337890625 0.45 0.1142578125 0.451953125 0.1162109375 0.459765625 0.2060546875 0.471484375 0.2216796875 0.4890625 0.2451171875 0.496875 0.309375 0.50323016875 0.309375 0.4279296875
1 0.309375 0.42671669375 0.3017578125 0.420703125 0.2822265625 0.434375 0.2568359375 0.428515625 0.25 0.4177734375 0.2783203125 0.412890625 0.279296875 0.4060546875 0.2578125 0.3923828125 0.24609375 0.3650390625 0.2119140625 0.334765625 0.1708984375 0.334765625 0.1591796875 0.32890625 0.0849609375 0.369921875 0.056640625 0.4001953125 0.044921875 0.4646484375 0.033203125 0.4919921875 0.03125 0.5251953125 0.097110721875 0.55 0.260291465625 0.55 0.2685546875 0.545703125 0.309375 0.5391955390625001 0.309375 0.42671669375
1 0.5980034734374999 0.55 0.587152778125 0.5229938265625 0.5967013890625 0.5013888890625 0.586284721875 0.47515432031250004 0.5967013890625 0.43966049375000005 0.5776041671875 0.38410493749999997 0.58368055625 0.345524690625 0.5594171609374999 0.2751776859375 0.555034721875 0.2606481484375 0.5541666671875 0.2375 0.5420138890625 0.2236111109375 0.5298611109375 0.20663580312500002 0.5029513890625 0.2020061734375 0.48833022656249997 0.1939175078125 0.45694444375 0.18966049375 0.43524305625000004 0.2328703703125 0.43524305625000004 0.25910493749999997 0.4291666671875 0.27762345625 0.43263888906250003 0.31003086406249997 0.41701388906250003 0.334722221875 0.415277778125 0.371759259375 0.4213541671875 0.38101851875000003 0.4126736109375 0.41342592656250005 0.41614583281249995 0.47515432031250004 0.40799731250000004 0.55 0.5980034734374999 0.55
1 0.48199179843749995 0.183319490625 0.510063503125 0.183319490625 0.5230967953125 0.17619016875 0.5251019171875 0.16193152500000002 0.5040481375 0.16014919375 0.4794853953125 0.159258028125 0.470963628125 0.169060846875 0.48199179843749995 0.183319490625
1 0.28137500000000004 0.6525218671874999 0.281875 0.6397302953125 0.270375 0.62242405 0.267875 0.612642259375 0.25387499999999996 0.6073751406250001 0.224875 0.60286046875 0.169375 0.5840493328124999 0.140875 0.584801778125 0.122875 0.58931645 0.116375 0.5953360140624999 0.065375 0.6231764953125001 0.057874999999999996 0.6314533953125 0.057374999999999995 0.640482740625 0.070875 0.65026453125 0.11687499999999999 0.6607987671875 0.19437500000000002 0.6690756671875 0.23137500000000003 0.66681833125 0.26687500000000003 0.6796099046874999 0.274375 0.6758476765625 0.27737500000000004 0.6713330046875 0.28137500000000004 0.6525218671874999
1 0 1 0.20328328125 1 0.21237499999999998 0.9933796562499999 0.227875 0.9760734109375001 0.235875 0.9625293921875 0.242875 0.9429658109375 0.268375 0.9091057656249999 0.27087500000000003 0.8925519656249999 0.267875 0.8699786015625 0.270375 0.8489101296874999 0.26387499999999997 0.8210696484375 0.257375 0.8075256296875001 0.246375 0.8015060671875001 0.225875 0.7969913937499999 0.215375 0.7819424843749999 0.206875 0.775922921875 0.172875 0.7766753671875 0.137375 0.7691509125 0.12337499999999998 0.7691509125 0.116375 0.76614113125 0.104375 0.7548544484375 0.025875 0.7443202125 0 0.7371905265625001 0 1
1 1 0.7918087125 0.9692708328125 0.776909721875 0.925 0.8201195984374999 0.909375 0.8602430562500001 0.9892361109374999 0.91116898125 1 0.9062832437499999 1 0.7918087125
1 0.8920138890625001 0.66116898125 0.866840278125 0.6287615734374999 0.84774305625 0.6086998453125 0.8173611109374999 0.6117862656249999 0.8017361109374999 0.63956404375 0.8234375 0.6565393515625 0.8598958328125 0.67197145 0.8833333328125 0.6935763890625 0.8920138890625001 0.66116898125