1 0.6330124625 0 0.6166666671875001 0.03211805625 0.6236111109375 0.0660686734375 0.618402778125 0.0984760796875 0.609722221875 0.1895254625 0.62274305625 0.21884644999999997 0.617534721875 0.23427855000000003 0.649652778125 0.275945215625 0.7260416671875 0.28983410468750004 0.7989583328125001 0.2635995375 0.773784721875 0.180266203125 0.77118055625 0.1339699078125 0.7798611109375 0.10464892031249999 0.7642361109375 0.070698303125 0.7651041671875 0.0182291671875 0.7592843828125 0 0.6330124625 0
1 0.06855803906249999 1 0.0881182671875 0.9974229828125001 0.109781325 0.98556775625 0.1106145703125 0.9485199078125 0.05895644375 0.9322190156249999 0.003854146875 0.932719909375 0 0.95084414375 0 0.9895189875 0.032678734375000004 1 0.06855803906249999 1
1 0.1131141171875 0.6017526109375 0.08895145 0.6047164453125 0.054895814062500006 0.6216087984375 0.078119953125 0.6506556859374999 0.1047821671875 0.644728015625 0.1131141171875 0.6017526109375
1 0.2889183125 0.6639929125 0.32557884062500003 0.6521375734375 0.32724520468749996 0.616571728125 0.29808338125 0.6106440578125 0.2630892171875 0.6106440578125 0.2048958140625 0.614201390625 0.23476063749999998 0.6654748015624999 0.2889183125 0.6639929125
1 0.20893154218749999 0.67584819375 0.16843748125 0.6864236125 0.1922676421875 0.7188235984375 0.22726180624999998 0.7188235984375 0.24809168124999997 0.7069683171875 0.2364270015625 0.68029391875 0.20893154218749999 0.67584819375
1 0.1706046484375 0.5350665859375 0.13093748125 0.54197916875 0.148941528125 0.5795239359375 0.1914345234375 0.5350665859375 0.1706046484375 0.5350665859375
1 0.4890625 1 0.4890625 0.6737773390624999 0.47638718593749996 0.715859821875 0.43889341093749995 0.7410522734375 0.398900025 0.744016109375 0.38890171093750003 0.7840277359375 0.4063987296875 0.804774521875 0.43806016562499994 0.8388584781249999 0.4197299 0.8640509875 0.375570540625 0.8670147671875 0.358073521875 0.8907253875000001 0.3397431296875 0.9292550671875001 0.31058130625 0.9455561296875 0.29760414687500003 0.9660532421875001 0.3730709296875 0.9826038640625001 0.3819626140625 1 0.4890625 1
1 0.2330078125 0.61640625 0.2046875 0.6212890625 0.2076171875 0.630078125 0.2564453125 0.64765625 0.30625 0.6466796875 0.3189453125 0.641796875 0.323828125 0.6330078125 0.3052734375 0.622265625 0.2330078125 0.61640625
1 0.1265625 0.5392578125 0.1373046875 0.55390625 0.15390625 0.5529296875 0.1802734375 0.55 0.19296875 0.5373046875 0.1490234375 0.534375 0.1265625 0.5392578125
1 0.054296875 0.6232421875 0.0611328125 0.63203125 0.097265625 0.6330078125 0.1138671875 0.628125 0.116796875 0.6154296875 0.0806640625 0.610546875 0.054296875 0.6232421875
1 0.054296875 0.6232421875 0.0611328125 0.63203125 0.097265625 0.6330078125 0.1138671875 0.628125 0.116796875 0.6154296875 0.0806640625 0.610546875 0.054296875 0.6232421875
1 0.1041015625 0.5578125 0.093359375 0.5646484375 0.0982421875 0.57734375 0.1265625 0.5783203125 0.1451171875 0.5734375 0.148046875 0.5666015625 0.1373046875 0.5578125 0.1041015625 0.5578125
1 0.321875 0.7892578125 0.3287109375 0.81171875 0.3609375 0.8166015625 0.37265625 0.7990234375 0.3580078125 0.784375 0.3306640625 0.782421875 0.321875 0.7892578125
1 0.3697265625 0.71015625 0.3921875 0.7150390625 0.3931640625 0.704296875 0.3814453125 0.6984375 0.36875 0.7033203125 0.3697265625 0.71015625
1 0.0611328125 1 0.0728515625 0.99921875 0.0806640625 0.98359375 0.09140625 0.9845703125 0.0865234375 0.973828125 0.0591796875 0.954296875 0.0259765625 0.95234375 0.003515625 0.9728515625 0.0142578125 0.9953125 0.0564453125 1 0.0611328125 1
1 0.9303819437499999 0.59866898125 0.9052083328125 0.607928240625 0.8826388890625001 0.6171875 0.8913194437499999 0.6542245375 0.942534721875 0.6681134265625 0.9538194437499999 0.666570215625 0.9763888890625001 0.6465084875 0.9772569437499999 0.6233603390625 0.9303819437499999 0.59866898125
1 0.4890625 0.9201406437500002 0.5145833328125 0.9335455249999999 0.5380208328125 0.9150270062499999 0.5623263890625 0.9196566359375 0.64305555625 0.8795331796875001 0.6560763890625 0.839409721875 0.65 0.8070023140625 0.6829861109375 0.7931134265625 0.6881944437499999 0.7576195984374999 0.622222221875 0.7637924375 0.5467013890625 0.791570215625 0.4890625 0.830482546875 0.4890625 0.9201406437500002