1 0 0.4 0.23647259375 0.4 0.2279513890625 0.38036265468749997 0.1767361109375 0.28777006250000003 0.128125 0.233757715625 0.09774305625 0.184375 0.055208332812500004 0.1689429015625 0.0126736109375 0.19517746875 0 0.22112210000000002 0 0.4
1 0.745739325 0.4 0.7482218515625 0.385954421875 0.72975173125 0.38924827031250003 0.6974661921875 0.3950731140625 0.6948867234375 0.4 0.745739325 0.4
1 0.8053874234375 0.36785926406249997 0.8079572078125 0.3839276859375 0.8654751140625001 0.36189865781249997 0.860952940625 0.348315975 0.8053874234375 0.36785926406249997
1 0.36586079531250004 0.4 0.355965909375 0.409912909375 0.3705113640625 0.420841871875 0.42869318125 0.41537739062499995 0.3707064375 0.4 0.36586079531250004 0.4
1 0.2214204546875 0.5683828546875 0.1705113640625 0.5519894125 0.16323863593750002 0.5683828546875 0.1741477265625 0.5793118171875 0.2214204546875 0.5683828546875
1 0.3996022734375 0.513738046875 0.395965909375 0.5519894125 0.4432386359375 0.5355959703125001 0.3996022734375 0.513738046875
1 0 0.8761488703125 0.0105113640625 0.874393784375 0.0032386359375 0.83614241875 0 0.83614241875 0 0.8761488703125
1 0.11232954531249999 0.5738473359375 0.07960227343750001 0.5519894125 0.050511364062499994 0.5793118171875 0.0832386359375 0.590240778125 0.11232954531249999 0.5738473359375
1 0.1705113640625 0.683136953125 0.16323863593750002 0.65035006875 0.13778409062500002 0.65035006875 0.1232386359375 0.6612790296875 0.12687500000000002 0.683136953125 0.1705113640625 0.683136953125
1 0.06869318125 0.683136953125 0.0323295453125 0.683136953125 0.014147726562499999 0.7159238390625 0.075965909375 0.7049948765625 0.06869318125 0.683136953125
1 0.559375 0.5295622703125 0.54869318125 0.502809084375 0.5123295453125001 0.497344603125 0.50869318125 0.5192025265625 0.5305113640625 0.5355959703125001 0.559375 0.5301741796874999 0.559375 0.5295622703125
1 0.497784090625 0.91264515 0.435965909375 0.8962517078125 0.41051136406250005 0.9290385921875 0.50869318125 0.9399675546874999 0.497784090625 0.91264515
1 0.537784090625 0.6120987015624999 0.515965909375 0.590240778125 0.46142045468750004 0.590240778125 0.4396022734375 0.6175631828125 0.5014204546875 0.6339566249999999 0.537784090625 0.6120987015624999
1 0.2796022734375 0.5301314890625 0.32687499999999997 0.47548667968749997 0.3232386359375 0.4590932375 0.2832386359375 0.4590932375 0.23960227343749999 0.497344603125 0.235965909375 0.5246670078125 0.2796022734375 0.5301314890625
1 0.4396022734375 0.770568646875 0.47960227343749995 0.7651041671875 0.50505681875 0.7268528 0.3923295453125 0.7049948765625 0.3814204546875 0.7104593578125 0.38505681875 0.7377817625 0.4396022734375 0.770568646875
1 0.246875 0.8088200140625 0.2723295453125 0.7978910515625 0.2723295453125 0.7541752046875001 0.257784090625 0.7377817625 0.21051136406249998 0.7377817625 0.18869318125 0.7541752046875001 0.18869318125 0.776033128125 0.246875 0.8088200140625
1 1 0.6755208328125001 0.98125 0.6755208328125001 0.98125 0.6814732140624999 0.9745833328125 0.6814732140624999 0.9745833328125 0.6993303578125 0.9712500000000001 0.6993303578125 0.9712500000000001 0.782663690625 0.9745833328125 0.782663690625 0.9745833328125 0.788616071875 1 0.788616071875 1 0.6755208328125001