1 0.8731767640625 0.3796875 0.8529513890625001 0.3307870375 0.8208333328125 0.30146605000000004 0.7375 0.2983796296875 0.72881944375 0.3446759265625 0.741948784375 0.3796875 0.8731767640625 0.3796875
1 0.43963068125 0.516939890625 0.3778125 0.5005464484375001 0.366903409375 0.511475409375 0.3814488640625 0.522404371875 0.43963068125 0.516939890625
1 0.2323579546875 0.6699453546875 0.1814488640625 0.6535519125 0.1741761359375 0.6699453546875 0.18508522656249998 0.6808743171875 0.2323579546875 0.6699453546875
1 0.4105397734375 0.615300546875 0.406903409375 0.6535519125 0.4541761359375 0.6371584703125001 0.4105397734375 0.615300546875
1 0 0.9795376062500001 0.0214488640625 0.975956284375 0.0141761359375 0.93770491875 0 0.93770491875 0 0.9795376062500001
1 0.12326704531249999 0.6754098359375 0.0905397734375 0.6535519125 0.0614488640625 0.6808743171875 0.0941761359375 0.691803278125 0.12326704531249999 0.6754098359375
1 0.1814488640625 0.784699453125 0.1741761359375 0.75191256875 0.148721590625 0.75191256875 0.1341761359375 0.7628415296875 0.1378125 0.784699453125 0.1814488640625 0.784699453125
1 0.07963068125 0.784699453125 0.0432670453125 0.784699453125 0.0250852265625 0.8174863390624999 0.08690340937499999 0.8065573765625 0.07963068125 0.784699453125
1 0.55 0.60292435 0.5232670453125 0.598907103125 0.51963068125 0.6207650265625 0.5414488640624999 0.6371584703125001 0.55 0.6355522125 0.55 0.60292435
1 0.548721590625 0.7136612015624999 0.526903409375 0.691803278125 0.4723579546875 0.691803278125 0.4505397734375 0.7191256828125 0.5123579546875 0.7355191249999999 0.548721590625 0.7136612015624999
1 0.29053977343750004 0.6316939890625 0.33781249999999996 0.5770491796874999 0.3341761359375 0.5606557375 0.2941761359375 0.5606557375 0.2505397734375 0.598907103125 0.246903409375 0.6262295078125 0.29053977343750004 0.6316939890625
1 0.4505397734375 0.8721311468749999 0.4905397734375 0.8666666671875 0.51599431875 0.8284153 0.4032670453125 0.8065573765625 0.3923579546875 0.8120218578125 0.39599431875 0.8393442624999998 0.4505397734375 0.8721311468749999
1 0.2578125 0.9103825140625 0.2832670453125 0.8994535515625 0.2832670453125 0.8557377046875001 0.268721590625 0.8393442624999998 0.2214488640625 0.8393442624999998 0.19963068125 0.8557377046875001 0.19963068125 0.877595628125 0.2578125 0.9103825140625
1 0.9640625 0.8996334874999998 0.991840278125 0.8595100312499999 0.98663194375 0.8224729937500002 0.9458333328125 0.7777199078125 0.905034721875 0.7329668203124999 0.8598958328125 0.6928433640625 0.8104166671874999 0.6804976859374999 0.7895833328125 0.7036458328125 0.7748263890625 0.7391396609375 0.7470486109375 0.7592013890625 0.72881944375 0.7823495375 0.726215278125 0.8193865734374999 0.753125 0.8332754625 0.7661458328125 0.81475694375 0.7817708328125 0.8363618828125 0.79913194375 0.8348186734375 0.8373263890625001 0.842534721875 0.8798611109374999 0.8595100312499999 0.9154513890625001 0.8656828703125001 0.9640625 0.8996334874999998