1 0.28524305625 0.136882715625 0.2826388890625 0.153858025 0.34861111093749997 0.1800925921875 0.3607638890625 0.163117284375 0.3546875 0.13533950625 0.30086805625 0.1199074078125 0.28524305625 0.136882715625
1 0.7242099328125 0.1154411765625 0.75129796875 0.1154411765625 0.7659706546875 0.110399159375 0.77612866875 0.09695378125000001 0.769356659375 0.085189075 0.7558126406250001 0.08350840312499999 0.72646726875 0.0902310921875 0.7174379234374999 0.107037815625 0.7242099328125 0.1154411765625
1 0.8416619640625 0 0.829176071875 0.0061974796875 0.8449774265624999 0.014600840625 0.9036681718749999 0.014600840625 0.9759029343750001 0.00451680625 0.9759029343750001 0 0.8416619640625 0
1 0.7524266359375 0.15241596562499998 0.775 0.160819328125 0.8201467265625 0.1574579828125 0.8720654624999999 0.1322478984375 0.8743227984375 0.1188025203125 0.8641647859375 0.11207983125000001 0.77387133125 0.12216386562499999 0.7603273140625 0.133928571875 0.7524266359375 0.15241596562499998
1 0.8743227984375 0.191071428125 0.914954853125 0.1944327734375 0.951072234375 0.18939075625 0.9781602703125 0.17426470624999998 0.9634875843749999 0.1574579828125 0.8991534984375 0.15073529375 0.8551354406249999 0.1574579828125 0.8517494359375 0.17426470624999998 0.8743227984375 0.191071428125
1 0.6034424375 0.1305672265625 0.6282731375 0.133928571875 0.6361738156250001 0.160819328125 0.6553611734375 0.172584034375 0.6248871328125001 0.1944327734375 0.62940180625 0.20451680625000002 0.6564898421875001 0.2112394953125 0.6971218968749999 0.20451680625000002 0.7117945828125001 0.1961134453125 0.7117945828125001 0.1826680671875 0.6993792328125 0.17426470624999998 0.7095372453125 0.15409663906249998 0.7050225734375 0.1423319328125 0.6655191874999999 0.12888655468750002 0.6677765234375 0.1053571421875 0.6632618515625 0.1003151265625 0.6327878109375 0.098634453125 0.6068284421875 0.107037815625 0.596670428125 0.1171218484375 0.6034424375 0.1305672265625
1 1 0.086186975 0.9917042890625 0.07846638593750001 0.9589729124999999 0.070063025 0.8980248312499999 0.0650210078125 0.8675507906250001 0.048214285937500004 0.8573927765625001 0.0330882359375 0.8314334078125001 0.029726890625000002 0.8009593671874999 0.039810925000000004 0.79870203125 0.0515756296875 0.817889390625 0.0633403359375 0.817889390625 0.070063025 0.8032167046875 0.0885504203125 0.8054740406249999 0.1003151265625 0.8370767499999999 0.1036764703125 0.8540067718749998 0.095273109375 0.8777088031249999 0.09695378125000001 0.8935101578125 0.0902310921875 0.9431715578125001 0.0902310921875 0.9792889390624999 0.1003151265625 0.99509029375 0.095273109375 1 0.0879621859375 1 0.086186975
1 0.7659706546875 0.2784663859375 0.77612866875 0.295273109375 0.7998307 0.3053571421875 0.8799661406249999 0.3036764703125 0.9002821671875001 0.295273109375 0.91044018125 0.28350840312500003 0.9059255078125 0.2616596640625 0.8912528218750001 0.24989495781249998 0.8483634312500001 0.2364495796875 0.8156320546875 0.2364495796875 0.77387133125 0.254936975 0.7659706546875 0.26502100781250004 0.7659706546875 0.2784663859375
1 0.2236458328125 0.750744046875 0.1969791671875 0.7328869046875 0.1836458328125 0.7388392859375 0.18697916718750002 0.7566964281249999 0.2236458328125 0.750744046875
1 0.2736458328125 0.7745535718750001 0.3436458328125 0.7388392859375 0.3203125 0.7150297625 0.2603125 0.7328869046875 0.24364583281250002 0.762648809375 0.2736458328125 0.7745535718750001
1 0.3969791671875 0.8162202375 0.4169791671875 0.7983630953125 0.40031249999999996 0.768601190625 0.31364583281249997 0.7566964281249999 0.3003125 0.768601190625 0.3103125 0.7983630953125 0.3969791671875 0.8162202375