1 1 0.20457008281250003 0.995659721875 0.201215278125 0.953125 0.18732638906250001 0.9305555562500001 0.19658564843749998 0.9140625 0.21664737656250002 0.9131944437499999 0.24751157343750002 0.926215278125 0.25831404375 0.9678819437499999 0.267573303125 0.9782986109374999 0.2845486109375 1 0.28575424374999997 1 0.20457008281250003
1 0.5296875 0.837312834375 0.5132209828125001 0.821866603125 0.4750399515625 0.8095282828125001 0.42297490781249997 0.7971898671875 0.3743808671875 0.786907903125 0.3396708390625 0.7786823875 0.382479909375 0.8465432437499999 0.47388291562499996 0.8794453078124999 0.5296875 0.8666931046874999 0.5296875 0.837312834375
1 0 0.8313490703124999 0.07587461875 0.8054153828124999 0.0689326125 0.77456958125 0.0099255640625 0.7807387421875001 0.0025180671875 0.7920235421875 0 0.798618953125 0 0.8313490703124999
1 0.03046875 0.7205078125 0.0421875 0.7263671875 0.0578125 0.7107421875 0.0373046875 0.70390625 0.028515625 0.7126953125 0.03046875 0.7205078125
1 0.4611328125 0.576953125 0.4259765625 0.58671875 0.409375 0.6150390625 0.430859375 0.6208984375 0.4708984375 0.59453125 0.4943359375 0.590625 0.50703125 0.5818359375 0.4611328125 0.576953125
1 0.3234375 0.5720703125 0.3244140625 0.57890625 0.346875 0.5779296875 0.3654296875 0.573046875 0.376171875 0.5544921875 0.3537109375 0.55546875 0.3234375 0.5720703125
1 0.4865234375 0.53984375 0.508984375 0.5408203125 0.51484375 0.5388671875 0.5119140625 0.533984375 0.4796875 0.5310546875 0.4865234375 0.53984375
1 0.2651679140625 0.6970365328125 0.3033331984375 0.690879815625 0.3417689328125 0.6624878562500001 0.3034392578125 0.658892459375 0.2786320875 0.658892459375 0.2618747859375 0.6688195703125001 0.2651679140625 0.6970365328125
1 0.67869318125 0.48881489062499994 0.6168750000000001 0.47242144843750006 0.605965909375 0.483350409375 0.6205113640625 0.494279371875 0.67869318125 0.48881489062499994
1 0.6496022734375 0.587175546875 0.645965909375 0.6254269125 0.6932386359375 0.6090334703125 0.6496022734375 0.587175546875
1 0.9550568187499999 0.587175546875 0.907784090625 0.6090334703125 0.987784090625 0.6144979515625 0.9550568187499999 0.587175546875
1 1 0.6527493171875001 0.976875 0.6527493171875001 0.99505681875 0.6855362015625 1 0.6855362015625 1 0.6527493171875001
1 0.8096022734374999 0.6035689890625 0.79869318125 0.576246584375 0.7623295453125 0.570782103125 0.75869318125 0.5926400265625 0.7805113640625001 0.6090334703125 0.8096022734374999 0.6035689890625
1 0.896875 0.7838968578125 0.9005113640625 0.767503415625 0.8750568187500001 0.7401810109375 0.8496022734374999 0.7511099734375 0.8496022734374999 0.7784323765625001 0.896875 0.7838968578125
1 0.8823295453125001 0.63089139375 0.8532386359374999 0.6254269125 0.8532386359374999 0.6746072406250001 0.9041477265625 0.6691427593749999 0.8823295453125001 0.63089139375
1 0.7533409093750001 1 0.747784090625 0.98608265 0.685965909375 0.9696892078125 0.6624337125 1 0.7533409093750001 1
1 0.787784090625 0.6855362015625 0.765965909375 0.663678278125 0.7114204546874999 0.663678278125 0.6896022734375 0.6910006828124999 0.7514204546875 0.707394125 0.787784090625 0.6855362015625
1 0.5296875 0.6034704718749999 0.576875 0.5489241796875 0.5732386359375 0.5325307374999999 0.5332386359375 0.5325307374999999 0.5296875 0.535643640625 0.5296875 0.6034704718749999
1 0.6896022734375 0.8440061468749999 0.7296022734375 0.8385416671874999 0.75505681875 0.8002903 0.6423295453125 0.7784323765625001 0.6314204546875001 0.7838968578125 0.6350568187500001 0.8112192625000001 0.6896022734375 0.8440061468749999
1 1 0.8251975999999999 0.9405113640625 0.81668374375 0.896875 0.8440061468749999 0.9186931812499999 0.8713285515625 1 0.8662376187499999 1 0.8251975999999999
1 1 0.4704291890625 0.907784090625 0.43963456250000005 0.83505681875 0.43963456250000005 0.7914204546875 0.4778859296875 1 0.49605631875 1 0.4704291890625