1 0.559375 0.46765100468750004 0.55069919375 0.46557917031249996 0.5133728046875 0.48101126875 0.522921415625 0.505702628125 0.559375 0.5186639015625001 0.559375 0.46765100468750004
1 0.7875568187499999 0.6390625 0.8046875 0.57625 0.7246875 0.29625 0.7346874999999999 0.13625 0.7046875 0.06625 0.6246875000000001 0.05625 0.5646875 0.06625 0.559375 0.0715625 0.559375 0.195 0.5746875 0.25625 0.5846875 0.45625 0.6146874999999999 0.53625 0.611474609375 0.6390625 0.7875568187499999 0.6390625
1 0.21327243281250002 0.7560661765625 0.24036046875 0.7560661765625 0.2550331546875 0.751024159375 0.26519116875000004 0.7375787812500001 0.258419159375 0.725814075 0.244875140625 0.724133403125 0.21552976875000002 0.7308560921875 0.2065004234375 0.747662815625 0.21327243281250002 0.7560661765625
1 0.33387239062499996 0.6390625 0.318238571875 0.6468224796875 0.3340399265625 0.655225840625 0.392730671875 0.655225840625 0.464965434375 0.6451418062500001 0.464965434375 0.6390625 0.33387239062499996 0.6390625
1 0.2414891359375 0.793040965625 0.2640625 0.8014443281249999 0.3092092265625 0.7980829828125 0.3611279625 0.7728728984375 0.3633852984375 0.7594275203125 0.35322728593749997 0.75270483125 0.26293383124999997 0.7627888656249999 0.2493898140625 0.7745535718750001 0.2414891359375 0.793040965625
1 0.3633852984375 0.831696428125 0.404017353125 0.8350577734375 0.44013473437500006 0.8300157562500001 0.46722277031250004 0.81488970625 0.452550084375 0.7980829828125 0.3882159984375 0.79136029375 0.34419794062500003 0.7980829828125 0.34081193593750003 0.81488970625 0.3633852984375 0.831696428125
1 0.0925049375 0.7711922265625 0.1173356375 0.7745535718750001 0.12523631562499998 0.8014443281249999 0.1444236734375 0.813209034375 0.11394963281249999 0.8350577734375 0.11846430625 0.84514180625 0.1455523421875 0.8518644953125 0.186184396875 0.84514180625 0.20085708281249998 0.8367384453125 0.20085708281249998 0.8232930671875 0.1884417328125 0.81488970625 0.1985997453125 0.7947216390625 0.1940850734375 0.7829569328125 0.1545816875 0.7695115546875 0.1568390234375 0.7459821421875 0.1523243515625 0.7409401265625 0.12185031093750001 0.7392594531250001 0.0958909421875 0.747662815625 0.085732928125 0.7577468484375001 0.0925049375 0.7711922265625
1 0.306951890625 0.7039653359375 0.306951890625 0.710688025 0.2922792046875 0.7291754203125 0.294536540625 0.7409401265625 0.32613925 0.7443014703124999 0.343069271875 0.735898109375 0.366771303125 0.7375787812500001 0.3825726578125 0.7308560921875 0.4322340578125 0.7308560921875 0.4683514390625 0.7409401265625 0.48415279375000003 0.735898109375 0.48979613437499997 0.7274947484375 0.4807667890625 0.7190913859375 0.4480354125 0.710688025 0.38708733125 0.7056460078125 0.356613290625 0.6888392859375 0.3464552765625 0.6737132359375 0.3204959078125 0.670351890625 0.2900218671875 0.680435925 0.28776453125 0.6922006296875 0.306951890625 0.7039653359375
1 0.2550331546875 0.9190913859375 0.26519116875000004 0.935898109375 0.2888932 0.9459821421875001 0.36902864062499996 0.9443014703125 0.3893446671875 0.935898109375 0.39950268125 0.924133403125 0.3949880078125 0.9022846640625 0.380315321875 0.8905199578125 0.33742593125 0.8770745796874999 0.3046945546875 0.8770745796874999 0.26293383124999997 0.895561975 0.2550331546875 0.9056460078124999 0.2550331546875 0.9190913859375
1 0.9103141890625001 1 0.8994791671875 0.9684799375 0.9055555562500001 0.929899690625 0.8812921609375 0.8595526859374999 0.8769097218749999 0.8450231484374999 0.8760416671875 0.821875 0.8638888890625 0.8079861109375 0.8517361109374999 0.791010803125 0.8248263890625 0.7863811734375 0.8102052265624999 0.7782925078125 0.77881944375 0.77403549375 0.7571180562500001 0.8172453703125001 0.7571180562500001 0.8434799375 0.7510416671875 0.86199845625 0.7545138890625 0.8944058640625 0.7388888890625 0.919097221875 0.737152778125 0.956134259375 0.7432291671875 0.96539351875 0.7345486109375 0.9978009265625 0.734672309375 1 0.9103141890625001 1
1 0.8038667984375 0.7676944906250001 0.8319385031250001 0.7676944906250001 0.8449717953124999 0.76056516875 0.8469769171875001 0.7463065249999999 0.8259231375 0.74452419375 0.8013603953124999 0.743633028125 0.792838628125 0.753435846875 0.8038667984375 0.7676944906250001