1 0.157775553125 0.021306992187500002 0.134315628125 0.0036975671874999996 0.11711168281249999 0.0111120609375 0.0712344953125 0.0120388734375 0.0441252484375 0.039843229687499995 0.0592438671875 0.060233090625 0.08218246093750001 0.0713548328125 0.142135603125 0.06579396093749999 0.1593395484375 0.05745265468750001 0.18853412187500002 0.062086714062500006 0.1739368359375 0.0157461203125 0.157775553125 0.021306992187500002
1 0.609375 0.657671946875 0.6369886359375 0.6480959703125 0.609375 0.634264003125 0.609375 0.657671946875
1 0.89880681875 0.626238046875 0.851534090625 0.6480959703125 0.931534090625 0.6535604515625 0.89880681875 0.626238046875
1 0.9642613640625001 0.6918118171875001 0.920625 0.6918118171875001 0.93880681875 0.7245987015625 0.9751704546875001 0.7245987015625 0.9642613640625001 0.6918118171875001
1 0.7533522734375 0.6426314890625 0.74244318125 0.615309084375 0.7060795453125001 0.609844603125 0.7024431812499999 0.6317025265625 0.7242613640625 0.6480959703125 0.7533522734375 0.6426314890625
1 0.840625 0.8229593578125 0.8442613640625 0.806565915625 0.81880681875 0.7792435109375 0.7933522734375 0.7901724734375 0.7933522734375 0.8174948765625001 0.840625 0.8229593578125
1 0.8260795453125 0.66995389375 0.7969886359375 0.6644894125 0.7969886359375 0.7136697406250001 0.8478977265625 0.7082052593749999 0.8260795453125 0.66995389375
1 0.7315340906250001 0.7245987015625 0.7097159093750001 0.702740778125 0.6551704546875 0.702740778125 0.6333522734375 0.7300631828124999 0.6951704546874999 0.746456625 0.7315340906250001 0.7245987015625
1 0.609375 0.868656078125 0.6333522734375 0.8830686468749999 0.6733522734374999 0.8776041671874999 0.69880681875 0.8393528 0.609375 0.8220118875000001 0.609375 0.868656078125
1 0.949715909375 0.9049265703125 0.94244318125 0.93771345625 0.9533522734375 0.9595713796875 0.9824431812500001 0.9486424187499999 0.9824431812500001 0.8994620906249999 0.960625 0.8666752046875 0.8842613640625 0.85574624375 0.840625 0.8830686468749999 0.86244318125 0.9103910515625 0.949715909375 0.9049265703125
1 0.9824431812500001 0.5224129093750001 0.851534090625 0.47869706250000005 0.77880681875 0.47869706250000005 0.7351704546875 0.5169484296875 0.9860795453125 0.538806353125 0.9824431812500001 0.5224129093750001