1 0 0.4890625 0.207283528125 0.4890625 0.20138888906250002 0.4471450625 0.17881944375 0.41319444375 0.12934027812499999 0.41319444375 0.08506944375 0.37152777812500004 0.0373263890625 0.39158950625 0 0.3876860921875 0 0.4890625
1 0.2265625 0.7130401234375 0.2604166671875 0.61273148125 0.2578125 0.5618055562500001 0.20138888906250002 0.5108796296875 0.15190972187500001 0.5432870375000001 0.089409721875 0.5602623453125 0.059027778125 0.5895833328125 0.012152778125 0.5988425921875 0.02256944375 0.6374228390625 0.0373263890625 0.6698302468749999 0.02430555625 0.6868055562500001 0.04600694375 0.70069444375 0.07986111093750001 0.7222993828125001 0.1484375 0.7284722218749999 0.18402777812499999 0.7423611109375 0.2265625 0.7130401234375
1 0.71953125 0.7362847218749999 0.7546875 0.741840278125 0.76484375 0.729340278125 0.76484375 0.7196180562500001 0.7578125 0.7098958328125 0.7171875 0.704340278125 0.7015625 0.7140625 0.70625 0.7251736109375 0.71953125 0.7362847218749999
1 0.62109375 0.6154513890625 0.6515625 0.6515625 0.6765625 0.6515625 0.68203125 0.64461805625 0.68125 0.6307291671875 0.6703125 0.6098958328124999 0.64453125 0.6029513890625 0.625 0.60711805625 0.62109375 0.6098958328124999 0.62109375 0.6154513890625
1 0.60234375 0.70711805625 0.63515625 0.70850694375 0.66875 0.6932291671874999 0.66875 0.6848958328125 0.66171875 0.6779513890625 0.63359375 0.6710069437499999 0.6015625 0.6807291671875 0.58046875 0.6960069437499999 0.60234375 0.70711805625
1 0.60859375 0.9154513890625001 0.6390625 0.916840278125 0.65625 0.898784721875 0.65390625 0.8890625 0.6484375 0.8848958328125001 0.596875 0.8751736109374999 0.584375 0.8807291671874999 0.5828125 0.8973958328125 0.60859375 0.9154513890625001
1 0.80703125 0.8307291671874999 0.80859375 0.8404513890625 0.840625 0.854340278125 0.86328125 0.8529513890625001 0.87421875 0.8418402781250001 0.87421875 0.823784721875 0.86796875 0.816840278125 0.83359375 0.8057291671875 0.82109375 0.8098958328125001 0.81015625 0.8210069437499999 0.80703125 0.8307291671874999
1 0.9627929671875 1 0.9671875 0.9973958328125001 0.9640625 0.9807291671874999 0.9453125 0.9557291671874999 0.91953125 0.9446180562500001 0.90234375 0.9432291671874999 0.89375 0.948784721875 0.8921875 0.9557291671874999 0.91015625 0.99461805625 0.9152018218750001 1 0.9627929671875 1
1 0.46953125 0.6973958328125001 0.484375 0.723784721875 0.49453125 0.729340278125 0.51171875 0.7265625 0.571875 0.6960069437499999 0.565625 0.6848958328125 0.53828125 0.6765625 0.48203125 0.6710069437499999 0.4578125 0.6765625 0.4546875 0.68350694375 0.46953125 0.6973958328125001
1 0.63984375 0.7682291671874999 0.665625 0.7890625 0.64921875 0.8154513890625001 0.65390625 0.8251736109374999 0.6859375 0.8432291671875 0.715625 0.8446180562500001 0.73125 0.8348958328125 0.71796875 0.80850694375 0.70859375 0.7987847218749999 0.71171875 0.7654513890625 0.7078125 0.7571180562500001 0.6921875 0.7501736109375 0.65 0.7473958328125001 0.640625 0.7501736109375 0.63515625 0.7585069437499999 0.63984375 0.7682291671874999
1 0.45546875 0.8501736109374999 0.46875 0.8835069437499999 0.49921875 0.8848958328125001 0.52890625 0.873784721875 0.553125 0.8557291671874999 0.56875 0.8348958328125 0.56328125 0.823784721875 0.52421875 0.8057291671875 0.49921875 0.8015625 0.46875 0.8182291671874999 0.45703125 0.83350694375 0.45546875 0.8501736109374999