1 0.4296875 0.41875 0.4296875 0.3347902625 0.4034539796875 0.326741946875 0.3601639359375 0.2707195375 0.373938040625 0.20419292812499998 0.3335995921875 0.14992121875 0.285390225 0.1096551125 0.27358384999999996 0.1814338234375 0.237180859375 0.2059436265625 0.24013245312499998 0.2584646359375 0.19290695156249998 0.2777223390625 0.1683103359375 0.368758753125 0.1830683046875 0.40377275937499996 0.1838334828125 0.41875 0.4296875 0.41875
1 0.8374495968750001 0.0917848921875 0.8245463703125001 0.0917848921875 0.8245463703125001 0.0979198625 0.7987399187499999 0.0979198625 0.7987399187499999 0.10405483125 0.78583669375 0.10405483125 0.78583669375 0.1101898 0.7729334671875 0.1101898 0.7729334671875 0.11632477031249999 0.7664818546875 0.11632477031249999 0.7632560484375001 0.1285947078125 0.7600302421875 0.1285947078125 0.7600302421875 0.14699961718750001 0.7729334671875 0.165404525 0.7729334671875 0.17153949375 0.7826108875 0.17153949375 0.7826108875 0.17767446250000002 0.7890625 0.17767446250000002 0.7890625 0.1838094328125 0.7987399187499999 0.1838094328125 0.7987399187499999 0.1899444015625 0.847127015625 0.1899444015625 0.847127015625 0.1838094328125 0.8890625 0.1838094328125 0.8890625 0.17767446250000002 0.9019657265625 0.17767446250000002 0.9019657265625 0.17153949375 0.9116431453124999 0.165404525 0.9116431453124999 0.15926955468749998 0.9180947578125 0.15926955468749998 0.9180947578125 0.14699961718750001 0.9245463703125001 0.14699961718750001 0.9277721781250001 0.1285947078125 0.930997984375 0.1285947078125 0.9277721781250001 0.0979198625 0.9148689515624999 0.0917848921875 0.9148689515624999 0.0856499234375 0.8987399187499999 0.0856499234375 0.8987399187499999 0.0795149546875 0.8503528218749998 0.0795149546875 0.8503528218749998 0.0856499234375 0.8374495968750001 0.0856499234375 0.8374495968750001 0.0917848921875
1 0.4296875 0.44920981875 0.42569444375 0.44710648124999997 0.40052083281249995 0.456365740625 0.37795138906250003 0.465625 0.38663194375 0.5026620375 0.4296875 0.5143381203125 0.4296875 0.44920981875
1 0 0.7767852140625 0.0098958328125 0.7819830249999999 0.0333333328125 0.7634645062500001 0.0576388890625 0.7680941359375 0.13836805624999998 0.7279706796875001 0.1513888890625 0.687847221875 0.1453125 0.6554398140625001 0.1782986109375 0.6415509265624999 0.18350694375 0.6060570984375 0.117534721875 0.6122299375 0.0420138890625 0.640007715625 0 0.6683715234375001 0 0.7767852140625
1 0.75838068125 0.468502390625 0.6965625 0.45210894843750005 0.685653409375 0.463037909375 0.7001988640625 0.473966871875 0.75838068125 0.468502390625
1 0.5511079546875 0.6215078546875 0.5001988640625 0.6051144125000001 0.4929261359375 0.6215078546875 0.5038352265625 0.6324368171875 0.5511079546875 0.6215078546875
1 0.7292897734375 0.566863046875 0.725653409375 0.6051144125000001 0.7729261359375 0.5887209703125 0.7292897734375 0.566863046875
1 0.5001988640625 0.736261953125 0.4929261359375 0.70347506875 0.46747159062500004 0.70347506875 0.4529261359375 0.7144040296874999 0.4565625 0.736261953125 0.5001988640625 0.736261953125
1 0.8892897734375002 0.5832564890625 0.87838068125 0.555934084375 0.8420170453125 0.550469603125 0.83838068125 0.5723275265625001 0.8601988640624999 0.5887209703125 0.8892897734375002 0.5832564890625
1 0.9765625 0.7635843578125 0.9801988640625 0.747190915625 0.9547443187500001 0.7198685109375 0.9292897734375 0.7307974734375 0.9292897734375 0.7581198765625 0.9765625 0.7635843578125
1 0.9620170453124999 0.61057889375 0.9329261359375 0.6051144125000001 0.9329261359375 0.654294740625 0.9838352265625 0.6488302593749999 0.9620170453124999 0.61057889375
1 0.827471590625 0.96577015 0.765653409375 0.9493767078124999 0.7401988640624999 0.9821635921875 0.83838068125 0.9930925546874999 0.827471590625 0.96577015
1 0.867471590625 0.6652237015625 0.8456534093750001 0.643365778125 0.7911079546875 0.643365778125 0.7692897734375 0.6706881828125 0.8311079546875 0.687081625 0.867471590625 0.6652237015625
1 0.6092897734375 0.5832564890625 0.6565624999999999 0.5286116796875 0.6529261359375 0.5122182375 0.6129261359375 0.5122182375 0.5692897734375 0.550469603125 0.5656534093750001 0.5777920078125 0.6092897734375 0.5832564890625
1 0.7692897734375 0.8236936468749999 0.8092897734375001 0.8182291671874999 0.83474431875 0.7799777999999999 0.7220170453125 0.7581198765625 0.7111079546875001 0.7635843578125 0.71474431875 0.7909067625 0.7692897734375 0.8236936468749999
1 1 0.42350580625 0.987471590625 0.41932206250000004 0.9147443187500001 0.41932206250000004 0.8711079546875 0.4575734296875 1 0.4688018484375 1 0.42350580625
1 0.5765625 0.8619450140625 0.6020170453125 0.8510160515624999 0.6020170453125 0.8073002046875001 0.587471590625 0.7909067625 0.5401988640625 0.7909067625 0.51838068125 0.8073002046875001 0.51838068125 0.829158128125 0.5765625 0.8619450140625