1 0.4435763890625 0.0519675921875 0.4192708328125 0.0519675921875 0.43402777812500004 0.07357253124999999 0.48350694375 0.09209105 0.5130208328125 0.0812885796875 0.5138888890625 0.0581404328125 0.4670138890625 0.0334490734375 0.4435763890625 0.0519675921875
1 0.23524305625 0.2140046296875 0.22916666718749998 0.181597221875 0.26215277812500004 0.1677083328125 0.2552083328125 0.1476466046875 0.20138888906250002 0.13838734531250002 0.12586805625 0.1661651234375 0.05729166718749999 0.2124614203125 0.034722221875 0.2464120375 0.08854166718749999 0.2603009265625 0.1067708328125 0.2603009265625 0.13888888906250002 0.26647376562499997 0.223090278125 0.23560956718749998 0.23524305625 0.2140046296875
1 0.66875 0.0996935015625 0.706597221875 0.11838348750000001 0.75 0.1014081796875 0.7491319437499999 0.0643711421875 0.7126736109375 0.058198303124999996 0.7057291671875 0.050482253125 0.66875 0.057056328125 0.66875 0.0996935015625
1 0.2261079546875 0.6933828546874999 0.17519886406250001 0.6769894125 0.1679261359375 0.6933828546874999 0.1788352265625 0.7043118171875 0.2261079546875 0.6933828546874999
1 0.402327921875 0.659375 0.400653409375 0.6769894125 0.4479261359375 0.6605959703125001 0.4454886359375 0.659375 0.402327921875 0.659375
1 0 1 0.011568184375 1 0.015198864062500001 0.999393784375 0.0079261359375 0.96114241875 0 0.96114241875 0 1
1 0.11701704531249998 0.6988473359375 0.0842897734375 0.6769894125 0.0551988640625 0.7043118171875 0.08792613593750001 0.715240778125 0.11701704531249998 0.6988473359375
1 0.17519886406250001 0.8081369531250001 0.1679261359375 0.77535006875 0.142471590625 0.77535006875 0.1279261359375 0.7862790296875 0.1315625 0.8081369531250001 0.17519886406250001 0.8081369531250001
1 0.07338068125 0.8081369531250001 0.0370170453125 0.8081369531250001 0.018835226562499998 0.8409238390624999 0.080653409375 0.8299948765625 0.07338068125 0.8081369531250001
1 0.6515625 0.8354593578125 0.6551988640624999 0.819065915625 0.62974431875 0.7917435109375 0.6042897734375 0.8026724734374999 0.6042897734375 0.8299948765625 0.6515625 0.8354593578125
1 0.6370170453124999 0.68245389375 0.6079261359375 0.6769894125 0.6079261359375 0.726169740625 0.6588352265624999 0.7207052593750001 0.6370170453124999 0.68245389375
1 0.542471590625 0.7370987015625 0.520653409375 0.715240778125 0.46610795468750005 0.715240778125 0.44428977343750004 0.7425631828125 0.5061079546875 0.7589566249999999 0.542471590625 0.7370987015625
1 0.44428977343750004 0.895568646875 0.48428977343749996 0.8901041671875 0.5097443187499999 0.8518528 0.39701704531250004 0.8299948765625 0.38610795468750003 0.8354593578125 0.38974431875 0.8627817625 0.44428977343750004 0.895568646875
1 0.2515625 0.9338200140625 0.2770170453125 0.9228910515625 0.2770170453125 0.8791752046875001 0.26247159062500003 0.8627817625 0.2151988640625 0.8627817625 0.19338068125000002 0.8791752046875001 0.19338068125000002 0.901033128125 0.2515625 0.9338200140625
1 1 0.659375 0.7639444046875 0.659375 0.7578125 0.6984375 0.7703125 0.7484375 0.79375 0.7796875 0.8171875 0.7921875 0.9703125 0.8421875 1 0.8421875 1 0.659375