1 1 0 0.8635220125 0 0.8715015718749999 0.01595911875 0.899803459375 0.0411163515625 0.93125 0.11658805000000001 0.9375393078125001 0.11658805000000001 0.9375393078125001 0.1228773578125 0.9155267296874999 0.1228773578125 0.9155267296874999 0.1291666671875 0.9029481125000001 0.1291666671875 0.8966588046874999 0.1417452828125 0.8903694968749999 0.1417452828125 0.9029481125000001 0.166902515625 0.9060927671875 0.2109276734375 0.9281053453125001 0.2235062890625 0.9281053453125001 0.21721698125 0.9406839625 0.21721698125 0.9689858484375 0.1606132078125 0.9689858484375 0.148034590625 0.9815644656250001 0.1228773578125 0.9941430812500001 0.11658805000000001 1 0.1048742125 1 0
1 1 0.0542109375 0.9771484375 0.038671875 0.9126953125 0.046484375 0.909765625 0.0650390625 0.921484375 0.0943359375 0.9498046875 0.11484375 0.968359375 0.1177734375 1 0.09279399687499999 1 0.0542109375
1 1 0 0.7205078125 0 0.7203125 0.0005859375 0.70078125 0.0259765625 0.706640625 0.0396484375 0.737890625 0.0689453125 0.80625 0.1646484375 0.839453125 0.1998046875 0.847265625 0.2369140625 0.8483051921874999 0.2390625 0.974365234375 0.2390625 1 0.1972873265625 1 0
1 0.34275568125 0.49662739062500005 0.2809375 0.48023394843750006 0.270028409375 0.49116290937499996 0.2845738640625 0.502091871875 0.34275568125 0.49662739062500005
1 0.1354829546875 0.6496328546875 0.0845738640625 0.6332394125 0.0773011359375 0.6496328546875 0.08821022656250001 0.6605618171875001 0.1354829546875 0.6496328546875
1 0.3136647734375 0.594988046875 0.310028409375 0.6332394125 0.3573011359375 0.6168459703125 0.3136647734375 0.594988046875
1 0 0.6699699015625 0.0263920453125 0.6550973359375 0 0.637470590625 0 0.6699699015625
1 0.0845738640625 0.764386953125 0.0773011359375 0.7316000687499999 0.051846590625 0.7316000687499999 0.0373011359375 0.7425290296875 0.0409375 0.764386953125 0.0845738640625 0.764386953125
1 0.4736647734375 0.6113814890625 0.46275568125 0.584059084375 0.4263920453125 0.578594603125 0.42275568124999996 0.6004525265625 0.4445738640625 0.6168459703125 0.4736647734375 0.6113814890625
1 0.5296875 0.7520430828125 0.5136647734374999 0.7589224734375 0.5136647734374999 0.7862448765625001 0.5296875 0.7880970203125 0.5296875 0.7520430828125
1 0.5296875 0.6355660859375 0.5173011359374999 0.6332394125 0.5173011359374999 0.682419740625 0.5296875 0.6810902125 0.5296875 0.6355660859375
1 0.414284090625 1 0.411846590625 0.99389515 0.350028409375 0.9775017078125 0.332561553125 1 0.414284090625 1
1 0.45184659062500004 0.6933487015625001 0.43002840937500003 0.671490778125 0.3754829546875 0.671490778125 0.35366477343749997 0.6988131828124999 0.41548295468749996 0.715206625 0.45184659062500004 0.6933487015625001
1 0.1936647734375 0.6113814890625 0.24093749999999997 0.5567366796875 0.2373011359375 0.5403432374999999 0.1973011359375 0.5403432374999999 0.1536647734375 0.578594603125 0.150028409375 0.6059170078125 0.1936647734375 0.6113814890625
1 0.35366477343749997 0.8518186468749999 0.3936647734375 0.8463541671874999 0.41911931874999997 0.8081028 0.3063920453125 0.7862448765625001 0.2954829546875 0.7917093578125 0.29911931875 0.8190317624999999 0.35366477343749997 0.8518186468749999
1 0.5296875 0.44744706250000005 0.49911931875000004 0.44744706250000005 0.4554829546875 0.4856984296875 0.5296875 0.49216275156249994 0.5296875 0.44744706250000005
1 0.1609375 0.8900700140625 0.1863920453125 0.8791410515625 0.1863920453125 0.8354252046875 0.17184659062500002 0.8190317624999999 0.1245738640625 0.8190317624999999 0.10275568125000001 0.8354252046875 0.10275568125000001 0.857283128125 0.1609375 0.8900700140625
1 0.93828125 0.9603515625 0.963671875 0.9564453125 0.9548828125 0.949609375 0.928515625 0.9564453125 0.93828125 0.9603515625
1 0.7400390625 0.883203125 0.73515625 0.9017578125 0.721484375 0.9193359375 0.746875 0.9232421875 0.7546875 0.9076171875 0.746875 0.8998046875 0.746875 0.8841796875 0.7400390625 0.883203125
1 0.76640625 0.9291015625 0.7654296875 0.92421875 0.75859375 0.9251953125 0.7595703125 0.930078125 0.76640625 0.9291015625