1 0.24804398125 0.3 0.24804398125 0.24942358437499998 0.1647106484375 0.17860671875 0.125821759375 0.228013834375 0.0739699078125 0.24942358437499998 0.0498958328125 0.2774209484375 0.0487057296875 0.3 0.24804398125 0.3
1 0.7767361109375 0.047260803125 0.7385416671875 0.0657793203125 0.7567708328125 0.0827546296875 0.79149305625 0.095100309375 0.8270833328125 0.08584105 0.8045138890625001 0.050347221875 0.7767361109375 0.047260803125
1 0.11510416718750001 0.6610119046875 0.1117708328125 0.6610119046875 0.11510416718750001 0.6729166671875 0.1184375 0.6729166671875 0.1184375 0.6788690468749999 0.1284375 0.6788690468749999 0.1284375 0.684821428125 0.1417708328125 0.684821428125 0.1417708328125 0.6788690468749999 0.1584375 0.6788690468749999 0.1584375 0.6729166671875 0.1617708328125 0.6729166671875 0.1617708328125 0.6491071421875001 0.1551041671875 0.6491071421875001 0.1551041671875 0.6431547625 0.1317708328125 0.6431547625 0.1317708328125 0.6491071421875001 0.1184375 0.6491071421875001 0.11510416718750001 0.6610119046875
1 0.1617708328125 0.5360119046875 0.1551041671875 0.5360119046875 0.1551041671875 0.5419642859375 0.15177083281249998 0.5419642859375 0.15177083281249998 0.5538690468749999 0.1584375 0.559821428125 0.1584375 0.565773809375 0.1751041671875 0.565773809375 0.1751041671875 0.571726190625 0.1817708328125 0.571726190625 0.1817708328125 0.565773809375 0.1951041671875 0.565773809375 0.1984375 0.5538690468749999 0.2017708328125 0.5538690468749999 0.2017708328125 0.5360119046875 0.1984375 0.5360119046875 0.1984375 0.5300595234375 0.1817708328125 0.5300595234375 0.1817708328125 0.5241071421875001 0.1784375 0.5241071421875001 0.1784375 0.5300595234375 0.1617708328125 0.5300595234375 0.1617708328125 0.5360119046875
1 0.5390625 1 0.5390625 0.952678571875 0.5384375 0.952678571875 0.5384375 0.958630953125 0.5251041671875 0.958630953125 0.5251041671875 0.9705357140625 0.5217708328125 0.9705357140625 0.5217708328125 0.9883928578125001 0.5284375 0.9943452374999999 0.5284375 1 0.5390625 1
1 0.24177083281249998 0.7383928578125001 0.2484375 0.7443452374999999 0.2484375 0.75029761875 0.2551041671875 0.75029761875 0.2551041671875 0.75625 0.28177083281250004 0.75625 0.28177083281250004 0.75029761875 0.2884375 0.75029761875 0.2917708328125 0.7383928578125001 0.2951041671875 0.7383928578125001 0.2951041671875 0.7205357140624999 0.2917708328125 0.7205357140624999 0.2917708328125 0.7145833328125 0.2851041671875 0.7145833328125 0.2851041671875 0.708630953125 0.2484375 0.708630953125 0.2484375 0.7145833328125 0.24177083281249998 0.7145833328125 0.24177083281249998 0.7383928578125001
1 0 0.6491071421875001 0.0017708328125 0.6491071421875001 0.0017708328125 0.6550595234375 0.021770832812499998 0.6550595234375 0.021770832812499998 0.6491071421875001 0.0351041671875 0.6491071421875001 0.0351041671875 0.6431547625 0.0417708328125 0.6431547625 0.0451041671875 0.63125 0.0484375 0.63125 0.0484375 0.6193452374999999 0.0417708328125 0.6193452374999999 0.0417708328125 0.6133928578125 0 0.6133928578125 0 0.6491071421875001
1 0.15177083281249998 0.833630953125 0.1484375 0.833630953125 0.1484375 0.8633928578125001 0.15177083281249998 0.8633928578125001 0.15177083281249998 0.8693452374999999 0.1951041671875 0.8693452374999999 0.1951041671875 0.8633928578125001 0.20510416718750002 0.8633928578125001 0.20510416718750002 0.8574404765625001 0.2117708328125 0.8574404765625001 0.2117708328125 0.8514880953125001 0.21510416718749997 0.8514880953125001 0.21510416718749997 0.833630953125 0.2084375 0.827678571875 0.2084375 0.821726190625 0.1617708328125 0.821726190625 0.1617708328125 0.827678571875 0.15177083281249998 0.827678571875 0.15177083281249998 0.833630953125
1 0.43843750000000004 0.7979166671875 0.4417708328125 0.7979166671875 0.4417708328125 0.815773809375 0.43510416718749995 0.821726190625 0.43510416718749995 0.827678571875 0.43843750000000004 0.827678571875 0.43843750000000004 0.833630953125 0.4451041671875 0.833630953125 0.4451041671875 0.8395833328125001 0.4717708328125 0.8395833328125001 0.4717708328125 0.833630953125 0.47843749999999996 0.833630953125 0.47843749999999996 0.827678571875 0.4884375 0.827678571875 0.4884375 0.821726190625 0.4951041671875 0.821726190625 0.4951041671875 0.815773809375 0.5017708328125 0.815773809375 0.5017708328125 0.809821428125 0.5051041671875 0.809821428125 0.5051041671875 0.7919642859375 0.5017708328125 0.7919642859375 0.5017708328125 0.7860119046875 0.48510416718749994 0.7860119046875 0.48510416718749994 0.7800595234375 0.45177083281249997 0.7800595234375 0.45177083281249997 0.7860119046875 0.43843750000000004 0.7860119046875 0.43843750000000004 0.7979166671875
1 0.34510416718750003 0.3991071421875 0.3417708328125 0.3991071421875 0.3417708328125 0.40505952343749996 0.34510416718750003 0.40505952343749996 0.34510416718750003 0.4110119046875 0.3517708328125 0.4110119046875 0.3517708328125 0.4169642859375 0.36843750000000003 0.4169642859375 0.36843750000000003 0.42291666718750004 0.3984375 0.42291666718750004 0.3984375 0.42886904687499994 0.4484375 0.42886904687499994 0.4484375 0.4110119046875 0.4451041671875 0.4110119046875 0.4451041671875 0.40505952343749996 0.43843750000000004 0.40505952343749996 0.43843750000000004 0.3991071421875 0.4217708328125 0.3991071421875 0.4217708328125 0.3931547625 0.3984375 0.3931547625 0.3984375 0.38720238125 0.3517708328125 0.38720238125 0.3517708328125 0.3931547625 0.34510416718750003 0.3931547625 0.34510416718750003 0.3991071421875
1 0.2951041671875 0.8931547625 0.3017708328125 0.8991071421874999 0.3017708328125 0.9050595234374998 0.3117708328125 0.9050595234374998 0.3117708328125 0.9110119046874999 0.3317708328125 0.9110119046874999 0.3317708328125 0.9050595234374998 0.3384375 0.9050595234374998 0.3384375 0.8991071421874999 0.3484375 0.8991071421874999 0.3484375 0.8931547625 0.35510416718750004 0.8931547625 0.3584375 0.88125 0.3617708328125 0.88125 0.3617708328125 0.87529761875 0.3651041671875 0.87529761875 0.3651041671875 0.8633928578125001 0.3584375 0.8574404765625001 0.3584375 0.8514880953125001 0.3317708328125 0.8455357140625 0.3317708328125 0.8395833328125001 0.3051041671875 0.8395833328125001 0.3017708328125 0.8633928578125001 0.2951041671875 0.8693452374999999 0.2951041671875 0.8931547625
1 0.5390625 0.38125 0.5284375 0.38125 0.5284375 0.38720238125 0.5117708328125 0.38720238125 0.5117708328125 0.3931547625 0.5017708328125 0.3931547625 0.4984375 0.40505952343749996 0.4951041671875 0.40505952343749996 0.4951041671875 0.4169642859375 0.4984375 0.4169642859375 0.4984375 0.42291666718750004 0.5084375 0.42291666718750004 0.5084375 0.42886904687499994 0.5251041671875 0.42886904687499994 0.5251041671875 0.43482142812499996 0.5390625 0.43482142812499996 0.5390625 0.38125
1 0 0.809821428125 0.0051041671875 0.809821428125 0.0051041671875 0.8038690468749999 0.0251041671875 0.7979166671875 0.0251041671875 0.7919642859375 0.0384375 0.7919642859375 0.0384375 0.7860119046875 0.0484375 0.7860119046875 0.0484375 0.7800595234375 0.058437499999999996 0.7800595234375 0.058437499999999996 0.7741071421875 0.06510416718749999 0.7741071421875 0.0684375 0.7622023812500001 0.07177083281249999 0.7622023812500001 0.07177083281249999 0.7443452374999999 0.0684375 0.7443452374999999 0.0684375 0.7383928578125001 0.0384375 0.7383928578125001 0.0384375 0.7443452374999999 0.021770832812499998 0.7443452374999999 0.021770832812499998 0.75029761875 0.0017708328125 0.75029761875 0.0017708328125 0.75625 0 0.75625 0 0.809821428125
1 0.5390625 0.5506271265625 0.5284375 0.5479166671875 0.5284375 0.5419642859375 0.4917708328125 0.5419642859375 0.4917708328125 0.565773809375 0.4951041671875 0.565773809375 0.4951041671875 0.577678571875 0.4984375 0.577678571875 0.4951041671875 0.63125 0.4984375 0.63125 0.4984375 0.6431547625 0.4951041671875 0.6431547625 0.4951041671875 0.6729166671875 0.4917708328125 0.6729166671875 0.4917708328125 0.684821428125 0.4884375 0.684821428125 0.4884375 0.702678571875 0.4951041671875 0.702678571875 0.4951041671875 0.708630953125 0.5151041671875001 0.708630953125 0.5217708328125 0.690773809375 0.5251041671875 0.690773809375 0.5251041671875 0.6788690468749999 0.5317708328124999 0.6729166671875 0.5317708328124999 0.6610119046875 0.5384375 0.6610119046875 0.5390625 0.6587797609375 0.5390625 0.5506271265625
1 0.5390625 1 0.6593693390625 1 0.6671875 0.8934413578125 0.6177083328124999 0.793132715625 0.55086805625 0.7777006171874999 0.5390625 0.784455265625 0.5390625 1
1 1 1 1 0.9544995593750001 0.984027778125 0.936651234375 0.9484375 0.8980709874999999 0.912847221875 0.8857253093749999 0.93975694375 0.840972221875 0.90069444375 0.79158950625 0.859027778125 0.753009259375 0.79305555625 0.782330246875 0.75225694375 0.7962191359374999 0.71493055625 0.790046296875 0.7157986109375 0.870293209375 0.7479166671874999 0.9165895062499999 0.7637967421875 1 1 1