1 0.359375 0.09481095625 0.33506944375000003 0.09172453750000001 0.28559027812500004 0.0901813265625 0.24045138906250002 0.122588734375 0.24045138906250002 0.148823303125 0.28819444375000003 0.17197145 0.33159722187499996 0.16579861093749998 0.3767361109375 0.15190972187500001 0.4045138890625 0.133391203125 0.390625 0.100983796875 0.359375 0.09481095625
1 0.559375 0.3778694453125 0.597485390625 0.382813390625 0.6039873265625 0.370453753125 0.6244044015625 0.34640659218750003 0.6378243125 0.32284872343750004 0.594350165625 0.3044597703125 0.5612356187499999 0.31451360156249997 0.559375 0.31454023750000004 0.559375 0.3778694453125
1 0.559375 0.36784280156250004 0.593359375 0.3732421875 0.61875 0.3556640625 0.6265625 0.3380859375 0.6216796875 0.31953125 0.6001953125 0.31171875 0.559375 0.31171875 0.559375 0.36784280156250004
1 0.8072265625 0.137890625 0.80234375 0.1564453125 0.788671875 0.1740234375 0.8140625 0.1779296875 0.821875 0.1623046875 0.8140625 0.1544921875 0.8140625 0.1388671875 0.8072265625 0.137890625
1 0.83359375 0.1837890625 0.8326171875 0.17890625 0.82578125 0.1798828125 0.8267578125 0.184765625 0.83359375 0.1837890625
1 0.8113500312499999 0.3132165453125 0.8252874406250001 0.3221010703125 0.841209365625 0.304851046875 0.8559711109375 0.29255213593749996 0.8430972000000001 0.289326025 0.8196951765625 0.29576807031249996 0.8113500312499999 0.3132165453125
1 0.559375 0.775977446875 0.4790757296875 0.760546875 0.3690666484375 0.752734375 0.177746509375 0.772265625 0.101218453125 0.803515625 0.08567369062499999 0.8220703125 0.07132468125 0.8787109375 0.092848196875 0.9138671875 0.1335037265625 0.9451171875 0.145461234375 0.9880859375 0.16749866875 1 0.5245627859375 1 0.559375 0.9521528343749999 0.559375 0.775977446875
0 0.485054484375 0.6833984375 0.4575522140625 0.66875 0.39059016406249997 0.658984375 0.33319412187499997 0.66484375 0.305691853125 0.6833984375 0.30808335468750003 0.7009765625 0.3379771265625 0.715625 0.3690666484375 0.7234375 0.4204839359375 0.7244140625 0.44798620624999996 0.721484375 0.48146723125 0.7078125 0.4898374875 0.6970703125 0.485054484375 0.6833984375
1 0.559375 0.7552083328125001 0.6451041671875 0.7552083328125001 0.6251041671875 0.7254464281249999 0.559375 0.73103564375 0.559375 0.7552083328125001
1 1 0.8120453031249999 0.9317708328125001 0.7849702375 0.9084375 0.7433035718750001 0.7751041671875 0.7730654765625 0.7651041671875 0.796875 0.8417708328125 0.8504464281249999 1 0.84652209375 1 0.8120453031249999
1 0.7771484375 0.916015625 0.7419921875 0.916015625 0.7224609375 0.92578125 0.709765625 0.9443359375 0.7078125 0.9541015625 0.7166015625 0.962890625 0.7546875 0.9677734375 0.7888671875 0.962890625 0.799609375 0.9521484375 0.79765625 0.9404296875 0.7771484375 0.916015625
1 0.9210069843750001 1 0.92233356875 0.9966743421875 0.8936992874999999 0.9523987296875 0.8359714421875001 0.9432130953125 0.80531975625 0.9706498109374999 0.8132563156250001 0.9924678374999999 0.8234169625 1 0.9210069843750001 1