1 0.4390625 0.1656711078125 0.423291259375 0.1656711078125 0.4080441515625 0.1374808984375 0.37572028281250003 0.14832328749999998 0.3415667609375 0.14832328749999998 0.3074132390625 0.140733615625 0.29460566875 0.14507057031249998 0.33180861250000004 0.1580814359375 0.3580336375 0.1635026296875 0.39462669687499996 0.1732607796875 0.4390625 0.178390453125 0.4390625 0.1656711078125
1 0.803125 0.4001953125 0.7904296875 0.393359375 0.7708984375 0.393359375 0.7201171875 0.416796875 0.709375 0.4470703125 0.7279296875 0.463671875 0.73671875 0.4626953125 0.7650390625 0.448046875 0.7923828125 0.44609375 0.803125 0.4353515625 0.803125 0.4001953125
1 0.762109375 0.3103515625 0.7689453125 0.319140625 0.78359375 0.3201171875 0.7943359375 0.319140625 0.7953125 0.3142578125 0.7806640625 0.307421875 0.762109375 0.3103515625
1 0.6361328125 0.342578125 0.6009765625 0.35234375 0.584375 0.3806640625 0.605859375 0.3865234375 0.6458984375 0.36015625 0.6693359375 0.35625 0.68203125 0.3474609375 0.6361328125 0.342578125
1 0.4984375 0.3376953125 0.4994140625 0.34453125 0.521875 0.3435546875 0.5404296875 0.338671875 0.551171875 0.3201171875 0.5287109375 0.32109375 0.4984375 0.3376953125
1 0.6615234375 0.30546875 0.683984375 0.3064453125 0.68984375 0.3044921875 0.6869140625 0.299609375 0.6546875 0.2966796875 0.6615234375 0.30546875
1 0.7201171875 0.2625 0.70546875 0.2634765625 0.723046875 0.2693359375 0.7201171875 0.2625
1 0.4390625 0.4531898609375 0.4401679140625 0.4626615328125 0.4783331984375 0.45650481562499995 0.5167689328125 0.42811285625 0.47843925781249996 0.42451745937499996 0.45363208750000006 0.42451745937499996 0.4390625 0.4331485578125 0.4390625 0.4531898609375
1 0.7747200109375 0.2625602640625 0.7873357140625 0.2714533 0.8195033687500001 0.280139521875 0.8195988218749999 0.26251253750000003 0.7821971609375 0.2536088953125 0.7747200109375 0.2625602640625
1 0 0.903402990625 0.022076612500000002 0.903402990625 0.022076612500000002 0.9095379593749999 0.0317540328125 0.9095379593749999 0.038205645312499995 0.9218078984375 0.044657257812500004 0.9218078984375 0.044657257812500004 0.92794286875 0.0511088703125 0.92794286875 0.0511088703125 0.9340778375 0.057560484375 0.9340778375 0.057560484375 0.9402128062500001 0.06401209687500001 0.9402128062500001 0.06401209687500001 0.9463477765625001 0.070463709375 0.9463477765625001 0.070463709375 0.9524827453124999 0.0801411296875 0.9524827453124999 0.0801411296875 0.9586177140625001 0.0865927421875 0.9586177140625001 0.0865927421875 0.9524827453124999 0.10594758124999999 0.9524827453124999 0.10594758124999999 0.9463477765625001 0.12207661249999999 0.9402128062500001 0.12530241875 0.9218078984375 0.1414314515625 0.8911330515625 0.1414314515625 0.8543232359375 0.1317540328125 0.8359183281250001 0.11239919375 0.8297833593749999 0.11239919375 0.8236483890624999 0.070463709375 0.8236483890624999 0.070463709375 0.8297833593749999 0.0511088703125 0.8297833593749999 0.0511088703125 0.8359183281250001 0.0414314515625 0.8359183281250001 0.0414314515625 0.8420532968749999 0.028528226562499998 0.8420532968749999 0.02530241875 0.8543232359375 0.018850806249999998 0.8543232359375 0.012399193749999999 0.866593175 0.009173387500000001 0.8911330515625 0.0027217734375 0.8911330515625 0.0027217734375 0.897268021875 0 0.897268021875 0 0.903402990625
1 0.4390625 0.5296875 0.32530241875 0.5296875 0.32530241875 0.5353048312500001 0.31239919375 0.5353048312500001 0.31239919375 0.5414398 0.2994959671875 0.5414398 0.2994959671875 0.5475747703125 0.2930443546875 0.5475747703125 0.2898185484375 0.5598447078125 0.28659274218749997 0.5598447078125 0.28659274218749997 0.5782496171875 0.2994959671875 0.596654525 0.2994959671875 0.60278949375 0.3091733875 0.60278949375 0.3091733875 0.6089244625 0.315625 0.6089244625 0.315625 0.6150594328125 0.32530241875 0.6150594328125 0.32530241875 0.6211944015624999 0.373689515625 0.6211944015624999 0.373689515625 0.6150594328125 0.415625 0.6150594328125 0.415625 0.6089244625 0.4285282265625 0.6089244625 0.4285282265625 0.60278949375 0.4382056453125 0.596654525 0.4382056453125 0.5905195546875001 0.4390625 0.5905195546875001 0.4390625 0.5296875