1 0.8578125 0.2095703125 0.8451171875 0.202734375 0.8255859375 0.202734375 0.7748046875 0.226171875 0.7640625 0.2564453125 0.7826171875 0.273046875 0.79140625 0.2720703125 0.8197265625 0.257421875 0.8470703125 0.25546875 0.8578125 0.2447265625 0.8578125 0.2095703125
1 0.816796875 0.1197265625 0.8236328125 0.128515625 0.83828125 0.1294921875 0.8490234375 0.128515625 0.85 0.1236328125 0.8353515625 0.116796875 0.816796875 0.1197265625
1 0.6908203125 0.151953125 0.6556640625 0.16171875 0.6390625 0.1900390625 0.660546875 0.1958984375 0.7005859375 0.16953125 0.7240234375 0.165625 0.73671875 0.1568359375 0.6908203125 0.151953125
1 0.553125 0.1470703125 0.5541015625 0.15390625 0.5765625 0.1529296875 0.5951171875 0.148046875 0.605859375 0.1294921875 0.5833984375 0.13046875 0.553125 0.1470703125
1 0.7162109375 0.11484375 0.738671875 0.1158203125 0.74453125 0.1138671875 0.7416015625 0.108984375 0.709375 0.1060546875 0.7162109375 0.11484375
1 0.7748046875 0.071875 0.76015625 0.0728515625 0.777734375 0.0787109375 0.7748046875 0.071875
1 0.4948554140625 0.2720365328125 0.5330206984375 0.265879815625 0.5714564328125 0.23748785625000002 0.5331267578125 0.23389245937499997 0.5083195875 0.23389245937499997 0.49156228593750007 0.24381957031249998 0.4948554140625 0.2720365328125
1 0.8294075109375001 0.0719352640625 0.8420232140625 0.08082829999999999 0.8741908687500001 0.089514521875 0.8742863218749999 0.0718875375 0.8368846609375 0.06298389531250001 0.8294075109375001 0.0719352640625
1 0.167540321875 0.5686408984375 0.1836693546875 0.5586658359375 0.18528225781250002 0.5412094765625 0.1772177421875 0.5162718203125 0.151411290625 0.5087905234375001 0.117540321875 0.5362219453125 0.1191532265625 0.5636533671875 0.167540321875 0.5686408984375
1 0.0852822578125 0.6883416453125 0.1320564515625 0.6908354109375 0.1723790328125 0.66589775625 0.15947580625 0.6409601 0.0933467734375 0.621009975 0.067540321875 0.648441396875 0.0691532265625 0.6733790531249999 0.0852822578125 0.6883416453125
1 0.0352822578125 0.44894015 0.09818548437499999 0.44395261875 0.1320564515625 0.40405236875000006 0.1433467734375 0.3791147125 0.1401209671875 0.37163341718750004 0.0836693546875 0.35916458906250004 0.0433467734375 0.386596009375 0.030443548437500002 0.42899002500000005 0.0352822578125 0.44894015
1 0.2890625 0.638661159375 0.2852822578125 0.6384663343750001 0.25947580625 0.648441396875 0.23205645156250002 0.643453865625 0.2207661296875 0.6708852875 0.1901209671875 0.6983167078125 0.18528225781250002 0.7232543640625 0.1320564515625 0.8080423937500001 0.10302419375 0.9127805484374999 0.06592741875 0.9551745640625 0.0691532265625 0.977618453125 0.0981048390625 1 0.166294803125 1 0.1691532265625 0.9801122187499999 0.148185484375 0.8703865343749999 0.21108870937500002 0.8703865343749999 0.2890625 0.8831729859374999 0.2890625 0.638661159375
1 0.734375 0.7880594140625 0.6666666671874999 0.794232253125 0.620659721875 0.775713734375 0.565972221875 0.76336805625 0.5477430562500001 0.805034721875 0.612847221875 0.8544174375000001 0.6901041671875 0.871392746875 0.7821180562500001 0.8852816359375 0.8072916671874999 0.8945408953125 0.8333333328125001 0.8281828703125 0.7786458328125 0.7448495375 0.734375 0.7880594140625