1 0.28559027812500004 0.1874614203125 0.31684027812500004 0.230671296875 0.3541666671875 0.2275848765625 0.36371527812500004 0.1890046296875 0.34461805624999997 0.1581404328125 0.3029513890625 0.1473379625 0.28559027812500004 0.1874614203125
1 0.13715277812499999 0.0624614203125 0.1588541671875 0.0655478390625 0.19357638906250002 0.059375 0.20138888906250002 0.031597221875 0.1744791671875 0.0161651234375 0.14236111093749998 0.01153549375 0.1189236109375 0.0362268515625 0.13715277812499999 0.0624614203125
1 0.34827904374999996 0.051288940625 0.355410090625 0.0604448515625 0.368483675 0.061149151562500004 0.376803228125 0.0632620546875 0.4009695515625 0.05903624843750001 0.3993848734375 0.044245931249999995 0.38749979687499997 0.035794321875 0.36967218281249997 0.0400201265625 0.35818327499999997 0.0407244265625 0.34827904374999996 0.051288940625
1 0.23488740625 0 0.233817221875 0.0076102 0.2502394734375 0.015032685937500002 0.268331784375 0.01552751875 0.278630484375 0.006620534375000001 0.2766704578125 0 0.23488740625 0
1 0.7721022734374999 0.1699453546875 0.750284090625 0.1371584703125 0.6957386359375001 0.13169398906250002 0.6739204546875 0.1371584703125 0.6702840906249999 0.15901639375 0.7721022734374999 0.1699453546875
1 0.8775568187499999 0.2737704921875 0.9030113640625 0.2573770484375 0.8921022734375 0.21366120156249999 0.8230113640625 0.208196721875 0.808465909375 0.235519125 0.8266477265625 0.25191256875 0.8775568187499999 0.2737704921875
1 0.899375 0.3502732234375 0.9248295453125 0.3174863390625 0.8957386359375 0.284699453125 0.8666477265625 0.284699453125 0.8339204546874999 0.3065573765625 0.8630113640625 0.3557377046875 0.899375 0.3502732234375
1 0.56875 0.3015508578125 0.6121022734375 0.29562841562500003 0.6121022734375 0.2737704921875 0.5866477265625 0.25191256875 0.56875 0.250690046875 0.56875 0.3015508578125
1 0.56875 0.462582278125 0.5866477265625 0.46502732187499995 0.63755681875 0.421311475 0.6339204546875 0.37213114687500004 0.56875 0.37213114687500004 0.56875 0.462582278125
1 0.56875 0.5727678578125001 0.6048295453125 0.5743169406249999 0.6666477265624999 0.5360655734375 0.5939204546875 0.49781420781249996 0.56875 0.5008401640625 0.56875 0.5727678578125001
1 0.641840278125 0.8277199078125002 0.601909721875 0.8585841046875 0.6192708328125 0.8894483031250001 0.74774305625 0.9048804015625 0.7607638890625 0.88018904375 0.66875 0.8169174375000001 0.641840278125 0.8277199078125002