1 0 0.397155778125 0.0388888890625 0.40387731406249994 0.1135416671875 0.39461805625 0.13524305625 0.38535879687499996 0.196875 0.369926696875 0.22899305625 0.3637538578125 0.19600694375 0.340605709375 0.196875 0.32826003125000003 0.1526041671875 0.311284721875 0.14131944375 0.32054398125 0.0901041671875 0.29739583281250004 0.0267361109375 0.292766203125 0 0.29996785 0 0.397155778125
1 1 0.24095364218749998 0.9633457562500001 0.24416047187499998 0.9642173125 0.2541224203125 0.924369525 0.25760865 0.9252410828125001 0.267570596875 0.8953552421875 0.27018526875000004 0.8962267984375 0.280147215625 0.8862648515625 0.2810187734375 0.8880079671875001 0.3009426671875 0.8680840734374999 0.30268578125 0.8698271875 0.3226096765625 0.879789134375 0.32173811875 0.8806606921875 0.331700065625 0.8906226390625 0.3308285078125 0.88975108125 0.3208665609375 1 0.3112210296875 1 0.24095364218749998
1 0.806640625 0.1705078125 0.8095703125 0.17734375 0.833984375 0.1763671875 0.8837890625 0.171484375 0.88671875 0.1646484375 0.8408203125 0.163671875 0.806640625 0.1705078125
1 0.6494140625 0.18125 0.67578125 0.1802734375 0.6943359375 0.17734375 0.697265625 0.1626953125 0.646484375 0.1626953125 0.6494140625 0.18125
1 0.7959594734375 0.10103963281249999 0.823435465625 0.1120361328125 0.8855285640625 0.10662434843749999 0.9427083328125001 0.0979166671875 0.9078369140625 0.0802978515625 0.8306477859375001 0.0815795890625 0.7959594734375 0.10103963281249999
1 0.7203776046875 0.071193440625 0.7552083328125 0.05625 0.72684733125 0.0397196453125 0.7012227375 0.0555786140625 0.7203776046875 0.071193440625
1 1 0.16833765 0.977966309375 0.1688191734375 0.8506164546875 0.18272501562500001 0.7836710609375 0.1958272296875 0.8309224453125001 0.21699625625 0.9525146484375 0.21107584687499997 1 0.2040305859375 1 0.16833765
1 0 0.8408482140625001 0.0164583328125 0.8408482140625001 0.0164583328125 0.8348958328125 0.023125 0.8348958328125 0.023125 0.8289434531250001 0.026458332812500002 0.8289434531250001 0.026458332812500002 0.811086309375 0 0.8051804312499999 0 0.8408482140625001
1 0.21979166718749998 0.9063244046874999 0.2164583328125 0.9063244046874999 0.21979166718749998 0.9182291671874999 0.22312500000000002 0.9182291671874999 0.22312500000000002 0.924181546875 0.23312499999999997 0.924181546875 0.23312499999999997 0.930133928125 0.2464583328125 0.930133928125 0.2464583328125 0.924181546875 0.263125 0.924181546875 0.263125 0.9182291671874999 0.2664583328125 0.9182291671874999 0.2664583328125 0.8944196421875 0.2597916671875 0.8944196421875 0.2597916671875 0.8884672625000001 0.2364583328125 0.8884672625000001 0.2364583328125 0.8944196421875 0.22312500000000002 0.8944196421875 0.21979166718749998 0.9063244046874999
1 0.2664583328125 0.7813244046875 0.2597916671875 0.7813244046875 0.2597916671875 0.7872767859375001 0.25645833281249997 0.7872767859375001 0.25645833281249997 0.799181546875 0.263125 0.805133928125 0.263125 0.811086309375 0.2797916671875 0.811086309375 0.2797916671875 0.817038690625 0.2864583328125 0.817038690625 0.2864583328125 0.811086309375 0.2997916671875 0.811086309375 0.303125 0.799181546875 0.3064583328125 0.799181546875 0.3064583328125 0.7813244046875 0.303125 0.7813244046875 0.303125 0.7753720234375 0.2864583328125 0.7753720234375 0.2864583328125 0.7694196421874999 0.28312499999999996 0.7694196421874999 0.28312499999999996 0.7753720234375 0.2664583328125 0.7753720234375 0.2664583328125 0.7813244046875
1 0.3864583328125 1 0.3864583328125 0.9956101187499999 0.393125 0.9956101187499999 0.3964583328125 0.9837053578124999 0.39979166718750003 0.9837053578124999 0.39979166718750003 0.9658482140625001 0.3964583328125 0.9658482140625001 0.3964583328125 0.9598958328125 0.3897916671875 0.9598958328125 0.3897916671875 0.9539434531250001 0.353125 0.9539434531250001 0.353125 0.9598958328125 0.3464583328125 0.9598958328125 0.3464583328125 0.9837053578124999 0.353125 0.9896577375 0.353125 0.9956101187499999 0.3597916671875 0.9956101187499999 0.3597916671875 1 0.3864583328125 1
1 0.093125 0.8706101187499999 0.08645833281250001 0.8706101187499999 0.08645833281250001 0.8765625 0.083125 0.8765625 0.083125 0.8884672625000001 0.08979166718750001 0.8884672625000001 0.08979166718750001 0.8944196421875 0.10645833281249999 0.8944196421875 0.10645833281249999 0.9003720234374999 0.12645833281250002 0.9003720234374999 0.12645833281250002 0.8944196421875 0.1397916671875 0.8944196421875 0.1397916671875 0.8884672625000001 0.1464583328125 0.8884672625000001 0.1497916671875 0.8765625 0.153125 0.8765625 0.153125 0.8646577375 0.1464583328125 0.8646577375 0.1464583328125 0.8587053578124999 0.103125 0.8587053578124999 0.103125 0.8646577375 0.093125 0.8646577375 0.093125 0.8706101187499999
1 1 0.8392527140624999 0.9613352265625 0.8231130468749999 0.8413352265625 0.8777578546875 0.8376988640625 0.9378671453124999 0.8886079546874999 0.9433316250000001 0.903153409375 0.916009221875 0.9976988640625001 0.9214737015625 1 0.9199368171875001 1 0.8392527140624999
1 1 1 1 0.9505944749999999 0.9904261359375 0.94879610625 0.8231534093749999 0.9815829921875 0.8161501624999999 1 0.9772272718749999 1 0.9758806812499999 0.997976434375 0.9871022734375 1 1 1