1 0.459375 0.12163555468750001 0.35795975 0.12031472031249998 0.3494300890625 0.138033865625 0.3625695703125 0.15770466875 0.4248092203125 0.16508121874999998 0.459375 0.162998159375 0.459375 0.12163555468750001
1 0.459375 0.12193515625 0.5223011359375 0.1004439890625 0.5150284093749999 0.08405054687499999 0.4604829546875 0.08405054687499999 0.459375 0.08671448125 0.459375 0.12193515625
1 0.7986647734375 0.1386953546875 0.776846590625 0.10590847031249999 0.7223011359375 0.1004439890625 0.7004829546875 0.10590847031249999 0.696846590625 0.12776639375 0.7986647734375 0.1386953546875
1 0.90411931875 0.2425204921875 0.9295738640625 0.22612704843749998 0.9186647734375001 0.18241120156249999 0.8495738640624999 0.176946721875 0.835028409375 0.204269125 0.8532102265624999 0.22066256874999998 0.90411931875 0.2425204921875
1 0.9259375000000001 0.3190232234375 0.9513920453125 0.2862363390625 0.9223011359375001 0.253449453125 0.8932102265624999 0.253449453125 0.8604829546874999 0.2753073765625 0.8895738640624999 0.3244877046875 0.9259375000000001 0.3190232234375
1 0.6386647734374999 0.26437841562500003 0.6386647734374999 0.2425204921875 0.6132102265625 0.22066256874999998 0.5332102265625001 0.2151980875 0.50411931875 0.2370560109375 0.5186647734375 0.28077185781249997 0.6386647734374999 0.26437841562500003
1 0.5732102265625001 0.42831284218750004 0.6132102265625 0.43377732187499995 0.66411931875 0.390061475 0.6604829546875 0.34088114687500004 0.58411931875 0.34088114687500004 0.54775568125 0.3736680328125 0.54775568125 0.40099043749999996 0.5732102265625001 0.42831284218750004
1 0.6313920453125 0.5430669406249999 0.6932102265625 0.5048155734375 0.6204829546875 0.46656420781249996 0.5295738640625001 0.47749316875 0.50411931875 0.5376024593750001 0.6313920453125 0.5430669406249999
1 0.459375 0.617862653125 0.4357638890625 0.6060570984375 0.3958333328125 0.6137731484375 0.37847222187499996 0.6261188265625 0.3854166671875 0.6415509265625 0.4045138890625 0.6415509265625 0.43836805625 0.64618055625 0.459375 0.6387114203125 0.459375 0.617862653125
1 0.9923611109374999 0.9131558640625 0.99756944375 0.8822916671875 0.97413194375 0.8267361109374999 0.8925347218749999 0.839081790625 0.869965278125 0.89618055625 0.8847222218749999 0.9301311734375 0.95850694375 0.9363040125 0.9923611109374999 0.9131558640625
1 0.73194444375 0.66006944375 0.7067708328125001 0.6322916671875001 0.6407986109375 0.6631558640625 0.6451388890625 0.7202546296875 0.6815972218749999 0.7696373453125 0.7276041671875 0.7048225312499999 0.73194444375 0.66006944375
1 0.5885778359375 0.5796875 0.6095486109375 0.618402778125 0.6364583328125 0.5967978390625001 0.6341484375 0.5796875 0.5885778359375 0.5796875