1 0.54989289375 0.76875 0.546527778125 0.7638695984375 0.51788194375 0.6774498453125 0.45277777812500003 0.6573881171875 0.40416666718750005 0.6944251546875 0.396237615625 0.76875 0.54989289375 0.76875
1 0.3078125 0.2823881171875 0.295659721875 0.3364004625 0.30694444375 0.41356095625 0.3373263890625 0.3950424375 0.33298611093749997 0.3518325625 0.35208333281250004 0.297820215625 0.33645833281250004 0.276215278125 0.3078125 0.2823881171875
1 0.1085627625 0.1716237078125 0.083179396875 0.2167496921875 0.090039765625 0.2704130234375 0.11885331562499998 0.2862680984375 0.1661898640625 0.27163264531250003 0.1805966390625 0.25699719062500004 0.18265475 0.1996749953125 0.1394344234375 0.163086359375 0.1085627625 0.1716237078125
1 0.4627122625 0.210948303125 0.44563550156250004 0.227211884375 0.4517343453125 0.24781242187500002 0.4791791390625 0.2608232875 0.526750115625 0.25865480937499996 0.5243105781249999 0.23588579531249998 0.494426246875 0.2120325421875 0.4627122625 0.210948303125
1 0.3035324546875 0.1079456171875 0.27486789218749996 0.11987224375000001 0.2712085859375 0.15456788593749998 0.290724884375 0.15890484062500002 0.3163400265625 0.16215755781250002 0.32670805937499997 0.1415570203125 0.32304875312500003 0.12420919999999999 0.3035324546875 0.1079456171875
1 0.7251953125 0.6256944437499999 0.730078125 0.6170138890625 0.730078125 0.5788194437499999 0.7232421875 0.5770833328125 0.7212890625 0.58055555625 0.7076171875 0.5840277781250001 0.7017578125 0.590972221875 0.6900390625 0.590972221875 0.6841796875 0.5979166671875 0.6763671875 0.5979166671875 0.6705078125 0.6048611109375 0.6587890625 0.6083333328125 0.6490234375 0.622222221875 0.6412109375 0.6256944437499999 0.63046875 0.6413194437499999 0.63046875 0.6517361109375 0.6373046875 0.6638888890625 0.6412109375 0.6673611109375 0.64609375 0.665625 0.6744140625 0.6604166671875 0.6880859375 0.65 0.6939453125 0.65 0.7251953125 0.6256944437499999
1 0.9 0.48854166718750003 0.8970703125 0.48333333281249996 0.8912109375 0.48333333281249996 0.8892578125 0.4798611109375 0.8775390625 0.4798611109375 0.8755859375 0.48333333281249996 0.8677734375 0.48333333281249996 0.8658203125 0.48680555625000005 0.8541015625 0.490277778125 0.839453125 0.509375 0.839453125 0.5163194437499999 0.8423828125 0.5215277781250001 0.8501953125 0.5215277781250001 0.8580078125 0.528472221875 0.86875 0.5267361109375 0.8853515625 0.5111111109375 0.8951171875 0.5111111109375 0.9 0.49895833281249996 0.9 0.48854166718750003
1 0.8833984375 0.5388888890625 0.8755859375 0.5388888890625 0.8619140625 0.54930555625 0.858984375 0.5579861109375 0.86484375 0.571875 0.8599609375 0.5840277781250001 0.8365234375 0.5979166671875 0.8248046875 0.5979166671875 0.8169921875 0.6048611109375 0.8091796875 0.622222221875 0.79453125 0.634375 0.79453125 0.6482638890625 0.7994140625 0.6569444437499999 0.8052734375 0.6569444437499999 0.8072265625 0.6604166671875 0.821875 0.65868055625 0.8365234375 0.6395833328125 0.89609375 0.5302083328125 0.8912109375 0.528472221875 0.8833984375 0.5388888890625
1 0.800390625 0.603125 0.7974609375 0.5979166671875 0.7837890625 0.5979166671875 0.7779296875 0.6083333328125 0.7642578125 0.61180555625 0.7544921875 0.61875 0.74375 0.637847221875 0.7466796875 0.6465277781250001 0.769140625 0.6447916671875 0.7818359375 0.6395833328125 0.7916015625 0.6291666671875 0.800390625 0.6100694437499999 0.800390625 0.603125
1 0.217550040625 0.76875 0.20920138906250002 0.7855709875 0.22135416718749998 0.8303240734375 0.29774305624999997 0.9028549375000001 0.3984375 0.9306327156249999 0.5173611109375 0.95841049375 0.5677083328125 0.959953703125 0.5703125 0.9167438265625 0.5946180562500001 0.882793209375 0.5842013890625 0.82569444375 0.5564236109375 0.8087191359375 0.5273067499999999 0.76875 0.45406665156250003 0.76875 0.4435763890625 0.7855709875 0.3854166671875 0.7917438265625 0.3203125 0.7716820984375 0.3142973859375 0.76875 0.217550040625 0.76875
1 1 1 1 0.76875 0.61875 0.76875 0.61875 0.8312961953125001 0.7210510453125 0.8571373453125 0.7499899515624999 0.9065200625 0.74034365 0.9682484562500001 0.7102720328125 1 1 1