1 0.56953125 0.659375 0.56953125 0.6256944437499999 0.58515625 0.5666666671875 0.6037109375 0.5302083328125 0.6232421875 0.512847221875 0.626171875 0.5041666671875 0.6134765625 0.4954861109375 0.5841796875 0.49895833281249996 0.5568359375 0.478125 0.5470703125 0.4607638890625 0.5412109375 0.4607638890625 0.5236328125 0.4295138890625 0.5080078125 0.42604166718750003 0.4943359375 0.415625 0.4552734375 0.40868055625000005 0.4064453125 0.40868055625000005 0.3498046875 0.419097221875 0.3263671875 0.443402778125 0.3166015625 0.443402778125 0.3029296875 0.45381944374999994 0.2951171875 0.47118055625000005 0.2658203125 0.47118055625000005 0.2462890625 0.478125 0.2228515625 0.50243055625 0.1740234375 0.5163194437499999 0.1623046875 0.5267361109375 0.159375 0.5354166671875 0.169140625 0.5736111109375 0.159375 0.5875 0.1505859375 0.6135416671875 0.1291015625 0.6135416671875 0.0998046875 0.6239583328125 0.083504971875 0.659375 0.56953125 0.659375
1 0.8692708328125001 0.245163690625 0.8626041671875001 0.245163690625 0.8626041671875001 0.25111607187499996 0.8592708328124999 0.25111607187499996 0.8592708328124999 0.26897321406249997 0.8626041671875001 0.26897321406249997 0.8626041671875001 0.2749255953125 0.8726041671875 0.2749255953125 0.8726041671875 0.26897321406249997 0.8992708328125 0.26897321406249997 0.8992708328125 0.2630208328125 0.9059375 0.2630208328125 0.9059375 0.257068453125 0.9092708328124999 0.257068453125 0.9092708328124999 0.239211309375 0.8826041671875 0.23325892812500001 0.8826041671875 0.239211309375 0.8692708328125001 0.239211309375 0.8692708328125001 0.245163690625
1 1 0.2868303578125 0.9859375 0.2868303578125 0.9859375 0.2927827375 0.9759375 0.2927827375 0.9759375 0.29873511875 0.9692708328125 0.29873511875 0.9692708328125 0.3046875 0.9659375000000001 0.3046875 0.9659375000000001 0.3165922625 0.9726041671875001 0.3165922625 0.9726041671875001 0.3225446421875 0.9892708328125 0.3225446421875 0.9892708328125 0.3284970234375 1 0.3284970234375 1 0.2868303578125
1 1 0.42373511875 0.9892708328125 0.42373511875 0.9892708328125 0.4296875 0.9726041671875001 0.4296875 0.9726041671875001 0.43563988125 0.9592708328124999 0.43563988125 0.9592708328124999 0.44159226250000005 0.9492708328124999 0.44159226250000005 0.9492708328124999 0.44754464218749995 0.9426041671875 0.44754464218749995 0.9392708328125 0.4594494046875 0.9359375 0.4594494046875 0.9359375 0.483258928125 0.9326041671875 0.483258928125 0.9326041671875 0.495163690625 0.9292708328125 0.495163690625 0.9292708328125 0.507068453125 0.9326041671875 0.507068453125 0.9326041671875 0.5130208328125 0.9459375 0.5130208328125 0.9459375 0.507068453125 0.9592708328124999 0.507068453125 0.9592708328124999 0.5011160718750001 0.9726041671875001 0.5011160718750001 0.9726041671875001 0.495163690625 0.9792708328125 0.495163690625 0.9792708328125 0.489211309375 0.9859375 0.489211309375 0.9859375 0.483258928125 0.9926041671875 0.483258928125 0.9926041671875 0.47730654687499996 1 0.47510540625 1 0.42373511875
1 0.332896959375 0.96432023125 0.2749819015625 0.9282377578125001 0.24409387031250002 0.954010953125 0.2788429046875 0.990093428125 0.332896959375 0.96432023125
1 0.709375 0.9206693984375001 0.676526303125 0.9179284796875 0.6417772687500001 0.9282377578125001 0.6417772687500001 0.943701675 0.709375 0.960891475 0.709375 0.9206693984375001
1 0.313591940625 0.9076192015625001 0.363784990625 0.912773840625 0.398534025 0.876691365625 0.3406189671875 0.8509181703124999 0.298147925 0.8663820874999999 0.2942869203125 0.8870006437499999 0.313591940625 0.9076192015625001
1 0.39081201718749997 0.752980025 0.498920125 0.742670746875 0.4873371140625 0.7168975515625 0.398534025 0.7065882734375 0.35992398593749997 0.7168975515625 0.35992398593749997 0.73236146875 0.39081201718749997 0.752980025
1 0.24575892812500003 1 0.251815878125 0.9797841500000001 0.1784568046875 0.9746295109374999 0.1632541015625 1 0.24575892812500003 1
1 0.5529741796875001 0.8406088921875 0.595445221875 0.8148356953124999 0.5877232140624999 0.799371778125 0.47961510625 0.7942171390625 0.42942205624999996 0.799371778125 0.42170004843750003 0.819990334375 0.5529741796875001 0.8406088921875
1 0 0.968779765625 0.020155646875 0.9746295109374999 0.11668074375 0.9385470359375001 0.0935147203125 0.912773840625 0 0.912773840625 0 0.968779765625
1 0 0.659375 0 0.700298003125 0.008572634375 0.7117429125 0.101236728125 0.742670746875 0.0857927125 0.799371778125 0.2132058390625 0.7735985828125 0.24795487500000002 0.742670746875 0.2132058390625 0.7168975515625 0.12054174687500001 0.722052190625 0.09550313593750001 0.659375 0 0.659375