1 0 0.5696368015625 0.0142578125 0.5611952312499999 0.0494140625 0.5012222125 0.0767578125 0.4881846 0.116796875 0.3565047109375 0.0318359375 0.331733246875 0 0.333858378125 0 0.5696368015625
1 0.7795 0.5189375 0.8021666671875 0.5089375 0.7968333328125 0.49693750000000003 0.7688333328125 0.4949375 0.7568333328125 0.5009375 0.7581666671875 0.5129374999999999 0.7795 0.5189375
1 0.9741666671874999 0.7289375 0.9568333328125 0.7149375 0.9075 0.7109375 0.9088333328125 0.7189375 0.9355 0.7309375 0.9741666671874999 0.7289375
1 0.3890625 0.4244503671875 0.39016666718750004 0.42493749999999997 0.40483333281249995 0.42093749999999996 0.4101666671875 0.40893750000000006 0.40483333281249995 0.40093750000000006 0.3890625 0.40093750000000006 0.3890625 0.4244503671875
1 0.8581666671875 0.6829375 0.8928333328125 0.6749375 0.8835000000000001 0.6609375 0.8634999999999999 0.6569375 0.8448333328125 0.6629375 0.8421666671875 0.6729375 0.8581666671875 0.6829375
1 0.6741666671875001 0.5229375 0.6928333328124999 0.5129374999999999 0.6808333328125 0.49693750000000003 0.6528333328125 0.49693750000000003 0.6288333328125 0.5009375 0.6288333328125 0.5069375 0.6741666671875001 0.5229375
1 0.5395 0.5149375 0.5555 0.49693750000000003 0.5421666671875001 0.48693749999999997 0.49683333281250003 0.48693749999999997 0.49416666718749996 0.4989375 0.5235000000000001 0.5149375 0.5395 0.5149375
1 0.6115 0.6849375 0.5955 0.6609375 0.5595 0.6489375 0.5528333328125 0.6669375 0.5608333328125 0.6829375 0.6115 0.6849375
1 0.4768333328125 0.42093749999999996 0.5448333328125 0.40893750000000006 0.5128333328125001 0.3889375 0.4715 0.3869375 0.46616666718750005 0.3949375 0.46616666718750005 0.4109375 0.4768333328125 0.42093749999999996
1 0.5260486109375 0.759375 0.5341666671875 0.7489375 0.5328333328125 0.7369375 0.5181666671875 0.7209375 0.47416666718750006 0.7109375 0.43550000000000005 0.7189375 0.42750000000000005 0.7309375 0.483321759375 0.759375 0.5260486109375 0.759375
1 0.0975208328125 0.759375 0.0905208328125 0.771875 0.0871875 0.7956845234375 0.0238541671875 0.9028273812500001 0 0.9183171 0 0.9848586312500001 0.013854167187499999 0.974255953125 0.013854167187499999 0.962351190625 0.050520832812500006 0.9028273812500001 0.0905208328125 0.8611607140625 0.1371875 0.7897321421875 0.1638541671875 0.76592261875 0.163120834375 0.759375 0.0975208328125 0.759375
1 0.22545416562499998 0.759375 0.1771875 0.8671130953125001 0.1405208328125 0.9921130953125001 0.14140416718749999 1 0.191427884375 1 0.2171875 0.8671130953125001 0.2638541671875 0.8075892859374999 0.2797365203125 0.759375 0.22545416562499998 0.759375