1 0 0.41033718906249994 0.18895833281250002 0.41800595312500005 0.2989583328125 0.3763392859375 0.2622916671875 0.2989583328125 0.135625 0.1918154765625 0.0089583328125 0.1739583328125 0 0.1792906734375 0 0.41033718906249994
1 0.24597271874999999 0.7275083656250001 0.24751611406250001 0.752202709375 0.2452010203125 0.77552514375 0.2668085703125 0.787872315625 0.29458970624999997 0.7796408687499999 0.2953614046875 0.7384836296875 0.27529725 0.7206488265625 0.24597271874999999 0.7275083656250001
1 0.20443459375 0.56875 0.2030247921875 0.5847904078124999 0.1880274109375 0.5855521796875001 0.1760295046875 0.594693440625 0.1893129 0.6068817890625 0.2034532890625 0.624402540625 0.21459420156250003 0.6144995078125 0.22273563749999997 0.60002584375 0.240304 0.594693440625 0.239875503125 0.5863139515625 0.22230714062499998 0.5847904078124999 0.21835969687499998 0.56875 0.20443459375 0.56875
1 0.7286629093749999 1 0.7286629093749999 0.9637784093749999 0.7221055328125 0.957717803125 0.7221055328125 0.951657196875 0.7122694671875001 0.951657196875 0.7122694671875001 0.945596590625 0.6893186468750001 0.945596590625 0.6893186468750001 0.951657196875 0.6827612703125 0.951657196875 0.6827612703125 0.957717803125 0.67620389375 0.957717803125 0.67620389375 0.9637784093749999 0.669646515625 0.9637784093749999 0.669646515625 0.969839015625 0.6663678281250001 0.969839015625 0.6636483953125 1 0.7286629093749999 1
1 0.738498975 0.8910511359375001 0.748335040625 0.8910511359375001 0.7516137296875 0.9031723484375 0.7712858609375 0.9092329546875 0.7712858609375 0.9152935609374999 0.7844006140625 0.9152935609374999 0.7844006140625 0.9092329546875 0.7942366796875 0.9092329546875 0.7942366796875 0.9031723484375 0.8007940578125 0.9031723484375 0.8040727453125001 0.8910511359375001 0.807351434375 0.8910511359375001 0.807351434375 0.8849905296875 0.8106301234375 0.8849905296875 0.8106301234375 0.8789299249999999 0.8171875 0.8789299249999999 0.8171875 0.87286931875 0.8204661890625001 0.87286931875 0.8204661890625001 0.86074810625 0.827023565625 0.8546875 0.827023565625 0.83650568125 0.8237448765625001 0.83650568125 0.8237448765625001 0.8304450750000001 0.8171875 0.8304450750000001 0.8171875 0.8243844703125 0.8106301234375 0.8243844703125 0.8106301234375 0.8183238640624999 0.7909579921875001 0.8122632578125 0.7909579921875001 0.8062026515625 0.7844006140625 0.8062026515625 0.7844006140625 0.8001420453125 0.7647284843750001 0.7940814390625001 0.7647284843750001 0.7880208328125 0.7516137296875 0.7880208328125 0.7516137296875 0.7819602265625 0.7319415984375001 0.7819602265625 0.7319415984375001 0.7880208328125 0.7221055328125 0.7880208328125 0.7221055328125 0.7940814390625001 0.71554815625 0.7940814390625001 0.71554815625 0.8001420453125 0.708990778125 0.8001420453125 0.7024334015625 0.8243844703125 0.7057120906250001 0.8243844703125 0.7057120906250001 0.8425662875000001 0.7122694671875001 0.84862689375 0.7122694671875001 0.8546875 0.71554815625 0.8546875 0.71554815625 0.86074810625 0.7188268437499999 0.86074810625 0.7188268437499999 0.8668087124999999 0.725384221875 0.8668087124999999 0.7286629093749999 0.8789299249999999 0.7352202875 0.8789299249999999 0.738498975 0.8910511359375001
1 1 0.6923058703125 0.9844006140625 0.6971117421875 0.9844006140625 0.6910511359375 0.9614497953125 0.6910511359375 0.9614497953125 0.6971117421875 0.9352202875 0.7031723484375 0.9221055328125001 0.7274147734375 0.91882684375 0.7698390156249999 0.925384221875 0.7819602265625 0.9548924187499999 0.7940814390625001 0.9548924187499999 0.8001420453125 0.9844006140625 0.8001420453125 0.9844006140625 0.8062026515625 1 0.8072706234375 1 0.6923058703125
1 0.45 1 0.4946593234375 1 0.5122694671875 0.9940814390625 0.5614497953125 0.9031723484375 0.5614497953125 0.8668087124999999 0.548335040625 0.8425662875000001 0.5417776640625 0.8425662875000001 0.5352202875 0.8243844703125 0.528662909375 0.8243844703125 0.5221055328124999 0.8062026515625 0.5155481562500001 0.8062026515625 0.5122694671875 0.751657196875 0.5155481562500001 0.745596590625 0.5122694671875 0.739535984375 0.495876025 0.739535984375 0.495876025 0.745596590625 0.489318646875 0.745596590625 0.489318646875 0.763778409375 0.46964651562500004 0.7698390156249999 0.46964651562500004 0.7758996218750001 0.45 0.7781693890625 0.45 1
1 0.9666015625 1 0.969921875 0.9998046875 0.973828125 0.9861328125 0.96796875 0.9744140625 0.9455078125 0.96953125 0.940625 0.9783203125 0.94453125 0.9939453125 0.9523158484375 1 0.9666015625 1
1 0.6837890625 0.871875 0.6369140625 0.8953125 0.62421875 0.9119140625 0.618359375 0.9294921875 0.622265625 0.9490234375 0.6330078125 0.965625 0.64375 0.9666015625 0.673046875 0.9392578125 0.688671875 0.9080078125 0.688671875 0.8787109375 0.6837890625 0.871875
1 0.657421875 0.7302734375 0.6740234375 0.72734375 0.680859375 0.7126953125 0.67890625 0.6697265625 0.6408203125 0.64921875 0.6349609375 0.64921875 0.626171875 0.6658203125 0.6095703125 0.678515625 0.5705078125 0.67265625 0.5578125 0.6833984375 0.565625 0.7185546875 0.583203125 0.7478515625 0.58515625 0.7771484375 0.5978515625 0.787890625 0.614453125 0.7888671875 0.6369140625 0.787890625 0.6515625 0.7751953125 0.657421875 0.7654296875 0.657421875 0.7302734375
1 0.8478515625 0.701953125 0.8361328125 0.6921875 0.8205078125 0.690234375 0.8068359375 0.70390625 0.78828125 0.7087890625 0.786328125 0.7556640625 0.8029296875 0.7703125 0.84296875 0.7712890625 0.852734375 0.7556640625 0.87421875 0.7400390625 0.8625 0.7302734375 0.8478515625 0.701953125
1 0.8029296875 0.59453125 0.7501953125 0.592578125 0.719921875 0.6130859375 0.723828125 0.6619140625 0.73359375 0.6873046875 0.7482421875 0.70390625 0.778515625 0.7107421875 0.805859375 0.6814453125 0.8234375 0.6423828125 0.8234375 0.6189453125 0.8029296875 0.59453125
1 0.8966796875 0.623828125 0.8556640625 0.623828125 0.85078125 0.6287109375 0.848828125 0.6443359375 0.8595703125 0.66484375 0.907421875 0.6658203125 0.940625 0.6345703125 0.9396484375 0.61796875 0.9123046875 0.6140625 0.8966796875 0.623828125
1 0.9064453125 0.885546875 0.903515625 0.8982421875 0.9142578125 0.90703125 0.923046875 0.9060546875 0.9328125 0.9021484375 0.930859375 0.8923828125 0.9181640625 0.88359375 0.9064453125 0.885546875
1 0.848828125 0.9490234375 0.844921875 0.9685546875 0.8537109375 0.983203125 0.88984375 0.9822265625 0.91328125 0.9548828125 0.9083984375 0.940234375 0.8634765625 0.93828125 0.848828125 0.9490234375
1 0.8849469859374999 1 0.8859375 0.9861328125 0.90546875 0.9685546875 0.91328125 0.9470703125 0.9044921875 0.93828125 0.8615234375 0.93828125 0.844921875 0.9568359375 0.848828125 0.9783203125 0.860546875 0.9919921875 0.8575439453125 1 0.8849469859374999 1
1 0.8390625 0.9314453125 0.841015625 0.9060546875 0.8185546875 0.903125 0.81953125 0.9255859375 0.8390625 0.9314453125
1 0.45 0.7271484375 0.466015625 0.6951171875 0.466015625 0.6716796875 0.4591796875 0.666796875 0.45 0.666796875 0.45 0.7271484375
1 0.8255126953125 1 0.829296875 0.9939453125 0.825390625 0.9822265625 0.8087890625 0.96953125 0.7853515625 0.96953125 0.7845703125 1 0.8255126953125 1