1 0.5390625 0.5890625 0.5390625 0.34684646875 0.3830474625 0.28889802656249997 0.3304158828125 0.3046875 0.27026550781249997 0.373108553125 0.30410009374999997 0.42574013125 0.2853031015625 0.58363486875 0.308564378125 0.5890625 0.5390625 0.5890625
1 0.5390625 0.5890625 0.5390625 0.37052556875 0.5263671875 0.358984375 0.5107421875 0.355078125 0.4873046875 0.331640625 0.4501953125 0.323828125 0.3642578125 0.321875 0.3515625 0.3365234375 0.3359375 0.3736328125 0.330078125 0.4107421875 0.330078125 0.4615234375 0.3359375 0.4791015625 0.328125 0.4966796875 0.328125 0.5318359375 0.318359375 0.5494140625 0.324754284375 0.5890625 0.5390625 0.5890625
1 0.2242258125 0.21509161250000003 0.2075069484375 0.23665315625 0.22814645156250002 0.26685980468750004 0.2847415609375 0.27398394062500003 0.32037011875 0.2426030703125 0.32772279375 0.22115579687500003 0.321918671875 0.1958233484375 0.277455871875 0.18362799531250001 0.24889234375 0.191433809375 0.2242258125 0.21509161250000003
1 0.2683733875 0.2994858234375 0.26992982187500003 0.3564670859375 0.3440594453125 0.359509028125 0.39833369375 0.2877317875 0.3791048328125 0.24662221718750002 0.34176616718749997 0.2395256640625 0.3020475359375 0.2527258046875 0.2683733875 0.2994858234375
1 0.33653468124999997 0.5890625 0.333050134375 0.5315324703125001 0.33713232656250003 0.42491867968749997 0.351266328125 0.338786778125 0.380606103125 0.3013259625 0.3720989078125 0.260527678125 0.339181303125 0.2479579921875 0.2913573921875 0.26783306875 0.265898853125 0.33948027812500003 0.266765728125 0.41288487968750004 0.255425428125 0.5093365328125 0.22856806875000002 0.537309009375 0.213836096875 0.5890625 0.33653468124999997 0.5890625
1 0.26260866875 0.0677583453125 0.258589521875 0.09328387031249999 0.2810691640625 0.10345782968749999 0.34636060468749996 0.09991152343750001 0.3876317296875 0.09311837656250001 0.3580279515625 0.0702289390625 0.3108305546875 0.0691808078125 0.26260866875 0.0677583453125
1 1 0.0736982984375 0.7653827171875001 0.146655896875 0.8210556593749999 0.1965855953125 0.8426148375 0.24686171250000002 0.9594723000000001 0.20529304375000001 1 0.19333510468749998 1 0.0736982984375
1 0.5390625 0.5186899421875 0.5788772078125 0.4908556 0.62573244375 0.5257402531250001 0.671120765625 0.5106330296875 0.7412058015625 0.44673286562500003 0.6372952125 0.4396976875 0.6402854343750001 0.3601114484375 0.5787514734375 0.3568080390625 0.5390625 0.38120663125 0.5390625 0.5186899421875
1 1 0.08696875 0.9869140625 0.0890625 0.8853515625 0.1203125 0.7544921875 0.141796875 0.733984375 0.1525390625 0.7876953125 0.16328125 0.7955078125 0.173046875 0.8267578125 0.184765625 0.93125 0.1896484375 0.9615234375 0.17890625 1 0.174194834375 1 0.08696875
1 0.8649583328125001 0.5890625 0.8234375 0.627507715625 0.8 0.6383101859375 0.787847221875 0.6876929015625001 0.80694444375 0.7154706796875 0.8364583328125 0.7185570984374999 0.9015625 0.7185570984374999 0.9857638890625001 0.720100309375 1 0.7178338640625 1 0.6169782765625 0.936284721875 0.6213348765625 0.8654007531250001 0.5890625 0.8649583328125001 0.5890625
1 1 0.7941743828125001 0.9197916671874999 0.7941743828125001 0.88506944375 0.8049768515625001 0.851215278125 0.83584105 0.85381944375 0.8528163578125 0.8260416671874999 0.8821373453125 0.83038194375 0.9130015437499999 0.804340278125 0.9747299375 0.7974623375000001 1 0.9988328828124999 1 1 0.993841246875 1 0.7941743828125001