1 0 0.4796875 0.1419035765625 0.4796875 0.1348543515625 0.4262269296875 0.18500184375 0.33226719843749997 0.187951696875 0.2718645140625 0.137804203125 0.23159605781249998 0.0758573015625 0.23159605781249998 0 0.3108932875 0 0.4796875
1 0.6647541734375 0.4796875 0.69462461875 0.4694778828125 0.6876826125 0.43863208125 0.6286755640624999 0.4448012421875 0.6212680671874999 0.4560860421875 0.6122572484375 0.4796875 0.6647541734375 0.4796875
1 0.64921875 0.3845703125 0.6609375 0.3904296875 0.6765625 0.3748046875 0.6560546875 0.36796875 0.647265625 0.3767578125 0.64921875 0.3845703125
1 0.9421875 0.2361328125 0.9431640625 0.24296875 0.965625 0.2419921875 0.9841796875 0.237109375 0.994921875 0.2185546875 0.9724609375 0.21953125 0.9421875 0.2361328125
1 0.82246044375 0.32528891249999997 0.82200883125 0.351193809375 0.8639017625000001 0.350844625 0.8879815859375 0.35622673437499996 0.892507028125 0.36199527656249997 0.9327564609374999 0.3560265359375 0.9747145734375 0.32521441875 0.9728289718750001 0.3142127515625 0.927136903125 0.32390613749999997 0.8800015359375 0.3191618734375 0.8435838296875 0.31370526875000004 0.82246044375 0.32528891249999997
1 0.830538265625 0.25811961562499997 0.8268369 0.2892576390625 0.8624444953125 0.27923369062500003 0.882245634375 0.26296165312499997 0.8778412421875 0.250349078125 0.853482071875 0.2474904140625 0.830538265625 0.25811961562499997
1 0.11650455312500001 0.7272321421875001 0.19266349375 0.712946428125 0.19266349375 0.6772321421875 0.136372103125 0.6665178578125 0.07014693749999999 0.6915178578125 0.07014693749999999 0.7022321421875001 0.11650455312500001 0.7272321421875001
1 0.6 0.7360533984375 0.5602131625 0.712946428125 0.464186671875 0.6986607140625 0.444319121875 0.734375 0.38471647343750004 0.7415178578124999 0.38471647343750004 0.7522321421875 0.47412044687500005 0.7736607140625 0.6 0.7658278234375 0.6 0.7360533984375
1 0.37147144062500004 0.6450892859375 0.2555774 0.655803571875 0.2920012421875 0.6808035718750001 0.503921771875 0.6736607140624999 0.4972992546875 0.659375 0.45094163906249995 0.6486607140625 0.41782905625 0.6022321421875001 0.23239859218749997 0.5986607140625 0.1297495859375 0.5772321421875 0.0933257453125 0.5950892859375 0.3747826984375 0.6236607140625 0.37147144062500004 0.6450892859375
1 0.076769453125 0.8700892859374999 0.24895488437500002 0.887946428125 0.321802565625 0.937946428125 0.45425289687500003 0.937946428125 0.47743170468749996 0.9165178578125002 0.464186671875 0.8950892859374999 0.4211403140625 0.8736607140625001 0.2953125 0.8772321421875 0.285378725 0.8522321421875001 0.2953125 0.837946428125 0.341670115625 0.8200892859375 0.3549151484375 0.7915178578125 0.28868998281249997 0.7700892859375 0.18272971875 0.780803571875 0.146305878125 0.755803571875 0.0999482609375 0.755803571875 0.0337230953125 0.8022321421875 0.0436568703125 0.8486607140625001 0.076769453125 0.8700892859374999
1 1 0.5491481421875 0.990254790625 0.5326523468750001 0.9601728015625 0.530595990625 0.9185207656250001 0.530595990625 0.9483094171875 0.5697668140625 0.914120334375 0.5547325062499999 0.9428177859375 0.57583646875 0.9567017984374999 0.5943439500000001 1 0.5789528171875 1 0.5491481421875
1 0.7038429046875 0.7492948515625001 0.6798852640625 0.783631071875 0.6509602046875 0.8329844484375 0.6694722546875 0.8576610890625 0.698397209375 0.8144769671875001 0.74004924375 0.7712927515625 0.7180662953125 0.75278526875 0.7180662953125 0.7507289140625 0.7038429046875 0.7492948515625001
1 0.9280092234375001 0.62880658125 0.9462887890625 0.6580920031249999 0.96711480625 0.6251897515625 0.9428177859375 0.6066822703125 0.9280092234375001 0.62880658125
1 1 0.5259971218749999 0.9998046875 0.52578125 0.9724609375 0.519921875 0.9021484375 0.5375 0.89921875 0.5443359375 0.920703125 0.5599609375 0.91875 0.5697265625 0.93046875 0.5814453125 0.9548828125 0.56875 0.9919921875 0.574609375 1 0.5689742484375 1 0.5259971218749999