1 0.1371670078125 0 0.1371670078125 0.011410984374999999 0.1338883203125 0.017471590625 0.1109375 0.011410984374999999 0.1109375 0.005350378125 0.05192110625 0.005350378125 0.0453637296875 0.035653409375 0.0355276640625 0.053835226562500005 0.0355276640625 0.06595643906250001 0.042085040625 0.07807765156249999 0.04864241875 0.07807765156249999 0.04864241875 0.08413825781249999 0.0551997953125 0.08413825781249999 0.0551997953125 0.0901988640625 0.07159323749999999 0.0901988640625 0.07159323749999999 0.0962594703125 0.0847079921875 0.0962594703125 0.0847079921875 0.102320075 0.140445696875 0.10838068125 0.140445696875 0.102320075 0.1535604515625 0.102320075 0.1535604515625 0.0962594703125 0.16995389375 0.0901988640625 0.1765112703125 0.0720170453125 0.189626025 0.06595643906250001 0.189626025 0.05989583281250001 0.199462090625 0.05989583281250001 0.20601946718750003 0.047774621875 0.21257684375000002 0.047774621875 0.219134221875 0.035653409375 0.219134221875 0.023532196875 0.22241290937499997 0.023532196875 0.22241290937499997 0.011410984374999999 0.216239753125 0 0.1371670078125 0
1 0.160117828125 0.18110795468750002 0.160117828125 0.1750473484375 0.1371670078125 0.1750473484375 0.1371670078125 0.1689867421875 0.0978227453125 0.1689867421875 0.0978227453125 0.1629261359375 0.0781506140625 0.1689867421875 0.0781506140625 0.1629261359375 0.0551997953125 0.1629261359375 0.0551997953125 0.1689867421875 0.028970287500000004 0.1750473484375 0.0158555328125 0.1992897734375 0.01257684375 0.241714015625 0.019134221875 0.2538352265625 0.04864241875 0.2659564390625 0.04864241875 0.27201704531250004 0.0781506140625 0.27201704531250004 0.0781506140625 0.2780776515625 0.1666752046875 0.2841382578125 0.1666752046875 0.2780776515625 0.19290471250000002 0.27201704531250004 0.242085040625 0.223532196875 0.23880635312499998 0.1992897734375 0.22241290937499997 0.1932291671875 0.22241290937499997 0.1871685609375 0.183068646875 0.1871685609375 0.183068646875 0.18110795468750002 0.160117828125 0.18110795468750002
1 0.2873046875 0.345703125 0.2541015625 0.353515625 0.235546875 0.3779296875 0.221875 0.4248046875 0.221875 0.4482421875 0.2267578125 0.453125 0.243359375 0.4521484375 0.2697265625 0.443359375 0.2921875 0.4150390625 0.29609375 0.3564453125 0.2873046875 0.345703125
1 0.18623046875 0.46875 0.190625 0.4599609375 0.190625 0.4423828125 0.1662109375 0.4375 0.15546875 0.4482421875 0.15546875 0.4638671875 0.15994466093749998 0.46875 0.18623046875 0.46875
1 0.064508928125 0.46875 0.067578125 0.4580078125 0.06171875 0.4462890625 0.0392578125 0.44140625 0.034375 0.4501953125 0.03828125 0.4658203125 0.042047990625 0.46875 0.064508928125 0.46875
1 0 0.13767139687500002 0.001171875 0.1376953125 0.034375 0.1064453125 0.0333984375 0.08984375 0.0060546875 0.0859375 0 0.0897216796875 0 0.13767139687500002
1 0 0.372354403125 0.0080078125 0.37890625 0.016796875 0.3779296875 0.0265625 0.3740234375 0.024609375 0.3642578125 0.0119140625 0.35546875 0.0001953125 0.357421875 0 0.3582682296875 0 0.372354403125
1 0.4 0.1755598953125 0.3966796875 0.17578125 0.3146484375 0.150390625 0.2814453125 0.150390625 0.2765625 0.1552734375 0.274609375 0.1865234375 0.290234375 0.2255859375 0.2599609375 0.23046875 0.24921875 0.2509765625 0.31171875 0.3388671875 0.321484375 0.3408203125 0.33515625 0.3173828125 0.346875 0.2509765625 0.337109375 0.2412109375 0.3625 0.2216796875 0.3732421875 0.193359375 0.4 0.190769909375 0.4 0.1755598953125
1 0.315844228125 0 0.301953125 0.0400390625 0.3 0.0791015625 0.3361328125 0.095703125 0.4 0.1003311828125 0.4 0.083196390625 0.37421875 0.0751953125 0.360546875 0.0302734375 0.344921875 0.0068359375 0.3371744796875 0 0.315844228125 0
1 0.159375 0.3583984375 0.161328125 0.3447265625 0.1505859375 0.341796875 0.149609375 0.3564453125 0.159375 0.3583984375
1 0.77569444375 0.1620370375 0.8234375 0.1296296296875 0.7375 0.07561728437500001 0.7114583328125 0.0817901234375 0.65069444375 0.1095679015625 0.5734375 0.1496913578125 0.63506944375 0.19444444375 0.7157986109375 0.1990740734375 0.77569444375 0.1620370375
1 0.1669921875 0.947265625 0.140625 0.9619140625 0.140625 0.9697265625 0.1572265625 0.982421875 0.189453125 0.9853515625 0.201171875 0.9775390625 0.19921875 0.9619140625 0.1904296875 0.951171875 0.1669921875 0.947265625
1 0.1399344015625 1 0.134908040625 0.9904174796875 0.1846516921875 0.9821370437500001 0.217224121875 0.9493408203125 0.192576090625 0.922220865625 0.180419921875 0.8921000156249999 0.1521708171875 0.8290608718750001 0.1305338546875 0.7905985515625 0.1012064609375 0.7571004234375 0.0641479484375 0.736724853125 0.038869221875 0.7218526203125 0.039845784375 0.7551574703125 0.009114582812499999 0.755849203125 0 0.8540449234375 0 0.9548079937499999 0.0089940890625 1 0.1399344015625 1
1 0.4 1 0.717033178125 1 0.676909721875 0.950617284375 0.6256944437499999 0.8719135796875002 0.5779513890625 0.8317901234375 0.5154513890625 0.8271604937499999 0.4859375 0.8734567906249999 0.481597221875 0.902777778125 0.42430555625000005 0.9382716046875 0.42256944374999994 0.9660493828125001 0.4060763890625 0.9938271609375 0.4 0.9983491250000001 0.4 1