1 0.25 0.117024371875 0.06767361093749999 0.10326388906249999 0 0.12674248906250002 0 0.4303043296875 0.0632291671875 0.45881944375000006 0.25 0.48938194375000005 0.25 0.117024371875
1 0.4722800937500001 0 0.439409721875 0.010956790625 0.428125 0.05262345625 0.46979166718749993 0.0665123453125 0.50625 0.0665123453125 0.5487847218749999 0.08040123437499999 0.6060763890625 0.09274691406249999 0.63038194375 0.071141975 0.6164930562500001 0.043364196875 0.5691718765625 0 0.4722800937500001 0
1 0.7066829593749999 0.9137016890625 0.627059503125 0.8743172187500001 0.59879874375 0.877550034375 0.58853149375 0.9198928953125 0.6456474703125 0.963114878125 0.70368641875 0.9754181578125 0.7066829593749999 0.9137016890625
1 0.25 0.8838771765625001 0.3130045 0.8516473093750001 0.36694236875 0.8165731140625001 0.25 0.8429354281249999 0.25 0.8838771765625001
1 0.6076171875 0.862890625 0.5958984375 0.86484375 0.583203125 0.8912109375 0.58515625 0.9068359375 0.6193359375 0.9390625 0.645703125 0.9439453125 0.64765625 0.9341796875 0.66328125 0.9244140625 0.661328125 0.9009765625 0.6076171875 0.862890625
1 0.708203125 0.9302734375 0.6896484375 0.917578125 0.6642578125 0.917578125 0.661328125 0.9009765625 0.6349609375 0.878515625 0.6193359375 0.874609375 0.6076171875 0.862890625 0.5958984375 0.86484375 0.583203125 0.8912109375 0.5890625 0.9146484375 0.6212890625 0.941015625 0.64765625 0.9458984375 0.64765625 0.9400390625 0.6642578125 0.929296875 0.6916015625 0.937109375 0.708203125 0.9302734375
1 0.3078125 0.8716796875 0.3107421875 0.88046875 0.3517578125 0.894140625 0.40546875 0.8951171875 0.4298828125 0.890234375 0.434765625 0.8833984375 0.3400390625 0.86875 0.3078125 0.8716796875
1 0.676953125 0.8697265625 0.6837890625 0.88046875 0.6984375 0.8833984375 0.70234375 0.8736328125 0.6974609375 0.866796875 0.6818359375 0.86484375 0.676953125 0.8697265625
1 0.3869140625 0.82578125 0.3498046875 0.827734375 0.284375 0.8482421875 0.2931640625 0.85703125 0.313671875 0.8560546875 0.3478515625 0.853125 0.3849609375 0.839453125 0.38984375 0.8306640625 0.3869140625 0.82578125
1 0.592966215625 0.830116659375 0.57201288125 0.83426440625 0.581053640625 0.8525059031250001 0.6023971687499999 0.8499774562500001 0.6228198421875 0.849224384375 0.613822003125 0.83342939375 0.592966215625 0.830116659375
1 0.7558442578125 0.9115537296875 0.7378134640625 0.9245549421874999 0.7606163109375 0.94363925625 0.7898222171875 0.9503973890624999 0.7956009671875 0.9364206953125 0.785600334375 0.9134578687499999 0.7558442578125 0.9115537296875
1 0.73987758125 0.88949615 0.721281009375 0.89860714375 0.733408190625 0.9104494843750001 0.767846578125 0.9084438953125 0.768365534375 0.9070743203125 0.7617166546874999 0.89054966875 0.73987758125 0.88949615
1 0.5181858296875 0.890073634375 0.4976148828125 0.8891215640624999 0.49713104531249996 0.89777213125 0.5095625765625 0.9055720796875001 0.5498421453125 0.911030871875 0.5740613906250001 0.913438359375 0.5762113515625 0.9024115203124999 0.551188309375 0.8936165812500001 0.5181858296875 0.890073634375
1 0.627037821875 0.8372532796875 0.6389894171874999 0.8445147625 0.6427586765625 0.8301127578124999 0.6236002265625 0.8249231984375001 0.627037821875 0.8372532796875
1 0.5508410375 0.8041688609375001 0.5501972203125 0.8156678328125 0.5632725703125001 0.8199326359375 0.580054746875 0.822539121875 0.5901373203125 0.81047046875 0.5738545890625 0.8070211671875 0.5508410375 0.8041688609375001
1 0.45991838906249993 0.800922459375 0.47449207812500005 0.8069158156249999 0.494149975 0.805557946875 0.49567172500000006 0.7981637984375001 0.47384045624999993 0.7947925359375001 0.45991838906249993 0.800922459375