1 0.66875 0.3836151921875 0.500133596875 0.37878989375 0.444371515625 0.44261968124999995 0.45552393125 0.5117686171875 0.64883248125 0.5117686171875 0.66875 0.483269615625 0.66875 0.3836151921875
1 0.9086458328125 0.32999999999999996 0.8753125 0.325 0.8553124999999999 0.34500000000000003 0.9153125 0.35 0.9086458328125 0.32999999999999996
1 0.8086458328124999 0.49000000000000005 0.7519791671875 0.49000000000000005 0.7353125 0.51 0.8186458328124999 0.505 0.8086458328124999 0.49000000000000005
1 0.7419791671875 0.6799999999999999 0.7286458328125 0.65 0.6886458328125 0.65 0.6786458328125 0.665 0.6919791671875 0.6799999999999999 0.7419791671875 0.6799999999999999
1 0.66875 0.328805146875 0.7186458328125 0.32 0.7086458328124999 0.29500000000000004 0.66875 0.29500000000000004 0.66875 0.328805146875
1 0.8553124999999999 0.255 0.8153124999999999 0.25 0.7686458328125 0.275 0.8919791671875 0.28500000000000003 0.8553124999999999 0.255
1 1 0.48968749999999994 0.9853125 0.475 0.9353125 0.47000000000000003 0.8453125 0.49000000000000005 0.8819791671875 0.51 1 0.49564611562499994 1 0.48968749999999994
1 0.9219791671875001 0.58 0.9819791671875 0.5650000000000001 0.9586458328124999 0.5349999999999999 0.7686458328125 0.53 0.7486458328125 0.55 0.7819791671875 0.5700000000000001 0.9219791671875001 0.58
1 1 0.4337855109375 0.9286458328125 0.39 0.6853125 0.375 0.66875 0.385647321875 0.66875 0.39078124999999997 0.9653124999999999 0.425 1 0.4530168265625 1 0.4337855109375
1 0.2016077171875 0.725733025 0.19839228281250001 0.725733025 0.19839228281250001 0.738078703125 0.2048231515625 0.74425154375 0.2048231515625 0.7504243828125 0.2176848875 0.7504243828125 0.2176848875 0.756597221875 0.25948553125 0.756597221875 0.25948553125 0.7504243828125 0.26591639843750003 0.7504243828125 0.26591639843750003 0.738078703125 0.2627009640625 0.738078703125 0.2627009640625 0.7319058640625 0.256270096875 0.7319058640625 0.256270096875 0.725733025 0.24662379375 0.725733025 0.24662379375 0.7195601859375 0.2369774921875 0.7195601859375 0.2369774921875 0.7133873453125 0.20803858593750002 0.7133873453125 0.20803858593750002 0.7195601859375 0.2016077171875 0.7195601859375 0.2016077171875 0.725733025
1 0.0569131828125 0.7195601859375 0.053697748437500005 0.7195601859375 0.053697748437500005 0.7319058640625 0.0665594859375 0.7319058640625 0.0665594859375 0.738078703125 0.108360128125 0.738078703125 0.108360128125 0.7319058640625 0.1244372984375 0.7319058640625 0.1244372984375 0.725733025 0.1276527328125 0.725733025 0.1276527328125 0.7133873453125 0.1244372984375 0.7133873453125 0.1244372984375 0.7072145062499999 0.11800643125000002 0.7072145062499999 0.11800643125000002 0.7010416671875 0.0665594859375 0.7010416671875 0.0665594859375 0.7072145062499999 0.0601286171875 0.7072145062499999 0.0569131828125 0.7195601859375
1 0.13729903593749998 0.8491898140625 0.1308681671875 0.8491898140625 0.1308681671875 0.8553626546875 0.1276527328125 0.8553626546875 0.1276527328125 0.8677083328125 0.1308681671875 0.8677083328125 0.1308681671875 0.8738811734375 0.13729903593749998 0.8738811734375 0.13729903593749998 0.8800540124999999 0.1469453375 0.8800540124999999 0.1469453375 0.8862268515625 0.1630225078125 0.8862268515625 0.1630225078125 0.892399690625 0.18553054687499998 0.892399690625 0.18553054687499998 0.8862268515625 0.1919614140625 0.8862268515625 0.1919614140625 0.8800540124999999 0.1951768484375 0.8800540124999999 0.1951768484375 0.8553626546875 0.1919614140625 0.8553626546875 0.1919614140625 0.843016975 0.18874598125 0.843016975 0.18874598125 0.8368441359375 0.156591640625 0.8368441359375 0.156591640625 0.843016975 0.13729903593749998 0.843016975 0.13729903593749998 0.8491898140625
1 0 0.9726466046875 0.015112540625 0.9726466046875 0.018327975 0.9603009265625 0.024758842187499998 0.9603009265625 0.024758842187499998 0.9541280859375 0.0279742765625 0.9541280859375 0.0279742765625 0.9232638890625001 0.021543407812500002 0.91709105 0.021543407812500002 0.910918209375 0.002250803125 0.9047453703125001 0.002250803125 0.910918209375 0 0.910918209375 0 0.9726466046875