1 0.266588346875 0 0.2628054515625 0.01324013125 0.26656485 0.11324013125000001 0.30791823281249997 0.1185032890625 0.4846099625 0.060608553125 0.5297227437500001 0.023766446875 0.5315096953125 0 0.266588346875 0
1 0.19815340937499998 0.5761270484375001 0.14724431875 0.5925204921875 0.22724431875 0.5979849734375 0.19815340937499998 0.5761270484375001
1 0.2854261359375 0.42858606562499996 0.238153409375 0.46137295156249997 0.3036079546875 0.4504439890625 0.2854261359375 0.42858606562499996
1 0.2817897734375 0.5378756828125 0.24906250000000002 0.526946721875 0.23088068125 0.554269125 0.27088068125000003 0.55973360625 0.2817897734375 0.5378756828125
1 0.4417897734375 0.6744877046875001 0.40542613593750004 0.6580942625 0.38360795468750003 0.696345628125 0.42724431875 0.696345628125 0.4417897734375 0.6744877046875001
1 0.61875 0.3575478140625 0.6090625000000001 0.3575478140625 0.59088068125 0.3794057375 0.59088068125 0.41219262343749996 0.61875 0.39930643125 0.61875 0.3575478140625
1 0 0.5540033375 0.10724431875 0.5488046453125 0.0090625 0.521482240625 0 0.54191000625 0 0.5540033375
1 0.61875 0.4392108515625 0.5363352265625 0.434050546875 0.46724431875 0.483230875 0.45269886406250004 0.5378756828125 0.5254261359375 0.526946721875 0.49269886406249996 0.4941598359375 0.5363352265625 0.47230191250000003 0.59088068125 0.47230191250000003 0.6054261359375 0.4941598359375 0.61875 0.49051943593749997 0.61875 0.4392108515625
1 0.059971590625 0.7345969953125 0.030880681250000003 0.8056352453125001 0.0745170453125 0.8165642078124999 0.08542613593750001 0.794706284375 0.139971590625 0.7783128421875001 0.1617897734375 0.7291325140625 0.259971590625 0.701810109375 0.19815340937499998 0.6799521859375 0.1145170453125 0.690881146875 0.10724431875 0.7345969953125 0.059971590625 0.7345969953125
1 0.61875 0.4886953546875 0.5945170453124999 0.4886953546875 0.49269886406249996 0.5050887984375001 0.61875 0.532712709375 0.61875 0.4886953546875
1 0.61875 0.568125 0.79875 0.568125 0.8087500000000001 0.548125 0.81875 0.548125 0.81875 0.528125 0.8087500000000001 0.528125 0.8087500000000001 0.5181250000000001 0.7787499999999999 0.5181250000000001 0.7787499999999999 0.5081249999999999 0.75875 0.5081249999999999 0.75875 0.49812500000000004 0.6587500000000001 0.49812500000000004 0.6587500000000001 0.5081249999999999 0.6287499999999999 0.5081249999999999 0.61875 0.528125 0.61875 0.558125 0.61875 0.568125
1 0.70875 0.2890625 0.70875 0.308125 0.68875 0.318125 0.68875 0.328125 0.67875 0.328125 0.67875 0.338125 0.66875 0.338125 0.66875 0.348125 0.67875 0.348125 0.67875 0.35812499999999997 0.72875 0.35812499999999997 0.72875 0.378125 0.74875 0.378125 0.74875 0.398125 0.72875 0.40812499999999996 0.72875 0.438125 0.74875 0.448125 0.74875 0.458125 0.76875 0.458125 0.76875 0.468125 0.85875 0.468125 0.85875 0.458125 0.89875 0.458125 0.9087500000000001 0.438125 0.91875 0.438125 0.9087500000000001 0.418125 0.89875 0.418125 0.89875 0.378125 0.9087500000000001 0.378125 0.9087500000000001 0.35812499999999997 0.8887499999999999 0.348125 0.8887499999999999 0.338125 0.86875 0.338125 0.86875 0.328125 0.8387499999999999 0.328125 0.8387499999999999 0.318125 0.81875 0.318125 0.81875 0.308125 0.79875 0.308125 0.79875 0.29812500000000003 0.7787499999999999 0.29812500000000003 0.77421875 0.2890625 0.70875 0.2890625
1 0.61875 0.9081250000000001 0.68875 0.9081250000000001 0.68875 0.9181250000000001 0.79875 0.9181250000000001 0.79875 0.9081250000000001 0.81875 0.9081250000000001 0.82875 0.8881249999999999 0.8387499999999999 0.8881249999999999 0.8387499999999999 0.8481249999999999 0.8487500000000001 0.8481249999999999 0.8487500000000001 0.838125 0.89875 0.838125 0.89875 0.818125 0.8787499999999999 0.8081250000000001 0.8787499999999999 0.798125 0.85875 0.798125 0.85875 0.788125 0.8487500000000001 0.788125 0.8487500000000001 0.7681250000000001 0.8387499999999999 0.7681250000000001 0.8387499999999999 0.7581249999999999 0.81875 0.7581249999999999 0.81875 0.748125 0.76875 0.748125 0.76875 0.7581249999999999 0.74875 0.7681250000000001 0.74875 0.778125 0.73875 0.778125 0.73875 0.788125 0.6487499999999999 0.788125 0.6487499999999999 0.798125 0.6287499999999999 0.798125 0.6287499999999999 0.8081250000000001 0.61875 0.8081250000000001 0.61875 0.9081250000000001