1 0.45126220000000006 0.219960678125 0.43324418124999997 0.2133381625 0.43324418124999997 0.2067156453125 0.4242351734375 0.2067156453125 0.4242351734375 0.2000931296875 0.4152261640625 0.2000931296875 0.4152261640625 0.1934706125 0.3881991359375 0.1934706125 0.3881991359375 0.2000931296875 0.373184121875 0.2000931296875 0.373184121875 0.2067156453125 0.36717811562499997 0.2067156453125 0.36717811562499997 0.2133381625 0.361172109375 0.2133381625 0.361172109375 0.2265831953125 0.36717811562499997 0.2332057125 0.36717811562499997 0.23982822812500001 0.376187125 0.23982822812500001 0.376187125 0.2464507453125 0.3881991359375 0.2464507453125 0.3881991359375 0.25307326093750004 0.45126220000000006 0.25307326093750004 0.45126220000000006 0.23982822812500001 0.454265203125 0.23982822812500001 0.454265203125 0.2265831953125 0.45126220000000006 0.2265831953125 0.45126220000000006 0.219960678125
1 0.5773883265624999 0.5890625 0.5773883265624999 0.5775765734375 0.5743853234375 0.5775765734375 0.5743853234375 0.5643315390625 0.5713823203125 0.5643315390625 0.5713823203125 0.55108650625 0.5683793171875 0.55108650625 0.5683793171875 0.53121895625 0.5623733109375 0.524596440625 0.5623733109375 0.5179739234375 0.5593703078125001 0.5179739234375 0.5593703078125001 0.5113514078125 0.5473582953125 0.504728890625 0.5473582953125 0.49810637343749997 0.5413522890625 0.49810637343749997 0.5413522890625 0.4914838578125 0.535346284375 0.4914838578125 0.535346284375 0.484861340625 0.526337275 0.484861340625 0.523334271875 0.49810637343749997 0.52033126875 0.49810637343749997 0.52033126875 0.5113514078125 0.517328265625 0.5113514078125 0.517328265625 0.53121895625 0.5143252625 0.53121895625 0.5143252625 0.5378414734375 0.4903012390625 0.5378414734375 0.4903012390625 0.544463990625 0.48729823593750005 0.544463990625 0.48729823593750005 0.57095405625 0.4903012390625 0.57095405625 0.4903012390625 0.5841990890625001 0.4947119 0.5890625 0.5773883265624999 0.5890625
1 0.47828922656249995 0.431881209375 0.48429523281250003 0.431881209375 0.48429523281250003 0.438503725 0.49630724531250003 0.438503725 0.49630724531250003 0.44512624218749997 0.511322259375 0.44512624218749997 0.511322259375 0.4517487578125 0.52033126875 0.4517487578125 0.52033126875 0.458371275 0.523334271875 0.458371275 0.523334271875 0.4252586921875 0.517328265625 0.41863617499999994 0.517328265625 0.4053911421875 0.52033126875 0.4053911421875 0.52033126875 0.36565604375 0.517328265625 0.36565604375 0.517328265625 0.35241100937500003 0.5143252625 0.35241100937500003 0.5143252625 0.3391659765625 0.50831925625 0.3325434609375 0.50831925625 0.299430878125 0.511322259375 0.299430878125 0.511322259375 0.28618584375 0.5143252625 0.28618584375 0.5143252625 0.2729408109375 0.511322259375 0.2729408109375 0.511322259375 0.2663182953125 0.505316253125 0.2663182953125 0.505316253125 0.259695778125 0.4933042421875 0.259695778125 0.4933042421875 0.25307326093750004 0.460271209375 0.25307326093750004 0.460271209375 0.259695778125 0.45126220000000006 0.259695778125 0.45126220000000006 0.2663182953125 0.45726820625000003 0.2729408109375 0.45726820625000003 0.30605339374999996 0.460271209375 0.30605339374999996 0.460271209375 0.31929842656249996 0.4662772140625 0.31929842656249996 0.4692802171875 0.3325434609375 0.4722832203125 0.3325434609375 0.4722832203125 0.35241100937500003 0.4692802171875 0.35241100937500003 0.4692802171875 0.3590335265625 0.4722832203125 0.3590335265625 0.4722832203125 0.372278559375 0.47828922656249995 0.372278559375 0.4752862234375 0.4252586921875 0.47828922656249995 0.4252586921875 0.47828922656249995 0.431881209375
1 0.21533668125 0.5890625 0.218359375 0.5763671875 0.24765625 0.5548828125 0.24765625 0.5333984375 0.2388671875 0.51875 0.1822265625 0.51875 0.1421875 0.5470703125 0.13046875 0.5705078125 0.13475060156250002 0.5890625 0.21533668125 0.5890625
1 0.0845703125 0.399609375 0.0455078125 0.399609375 0.02890625 0.4220703125 0.026953125 0.4728515625 0.0357421875 0.4796875 0.09140625 0.4806640625 0.13046875 0.4689453125 0.134375 0.4279296875 0.1216796875 0.41328125 0.0845703125 0.399609375
1 0.2408203125 0.31953125 0.2017578125 0.31953125 0.183203125 0.3322265625 0.179296875 0.3576171875 0.1880859375 0.3703125 0.23984375 0.3771484375 0.253515625 0.3693359375 0.253515625 0.3478515625 0.245703125 0.3419921875 0.2408203125 0.31953125
1 0.3091796875 0.4015625 0.304296875 0.4259765625 0.3326171875 0.44453125 0.347265625 0.4435546875 0.353125 0.4298828125 0.347265625 0.4064453125 0.3345703125 0.399609375 0.3091796875 0.4015625
1 0.10703125 0.1642578125 0.108984375 0.1896484375 0.1158203125 0.196484375 0.159765625 0.1974609375 0.17734375 0.1837890625 0.1685546875 0.16328125 0.1158203125 0.159375 0.10703125 0.1642578125
1 0.20859375 0.1056640625 0.2193359375 0.1203125 0.26328125 0.1212890625 0.2671875 0.1076171875 0.2505859375 0.09296875 0.20859375 0.0958984375 0.20859375 0.1056640625
1 0.3375 0.1232421875 0.3423828125 0.1359375 0.3765625 0.1369140625 0.38828125 0.1330078125 0.3833984375 0.114453125 0.3443359375 0.114453125 0.3375 0.1232421875
1 0.23315022812500003 0.1801066078125 0.235113525 0.209423828125 0.2894856765625 0.240622965625 0.3479166671875 0.2244791671875 0.31465250624999996 0.18252766874999998 0.266149903125 0.172161865625 0.23315022812500003 0.1801066078125
1 0.27876383437499996 0.1489888515625 0.30232340468749996 0.162396240625 0.369736734375 0.179150390625 0.42604166718750003 0.1828125 0.3945170078125 0.1373209640625 0.30961710625 0.1281453453125 0.27876383437499996 0.1489888515625
1 0.22231648750000002 0.056510417187499995 0.243200684375 0.08358968125 0.290818278125 0.1010965984375 0.3635416671875 0.0916666671875 0.3331766765625 0.043906656249999995 0.271053059375 0.03661295625 0.22231648750000002 0.056510417187499995
1 1 0.3791044046875 0.9791488515625 0.3671780234375 0.9621616218749999 0.338221353125 0.9308752140625 0.3302273671875 0.9322950062500001 0.31601560625 0.9202266124999999 0.2946979328125 0.8904105296875 0.2904343984375 0.8755024875 0.2996720453125 0.857754796875 0.30251439062499996 0.8286486421875001 0.2911449765625 0.8421368921875001 0.2726696484375 0.8215495531249999 0.26272142187499997 0.789669075 0.264439334375 0.7143536765625 0.27906495 0.66890905625 0.29496337499999997 0.6873771765625001 0.3153049953125 0.6547215093750001 0.33520151249999997 0.636263890625 0.341596815625 0.62632521875 0.35794034375 0.6660799749999999 0.365756834375 0.6824078734375 0.3906274640625 0.8336531984375 0.404438175 1 0.4555860140625 1 0.3791044046875