1 0.4796875 0.08541625625 0.07118167187499999 0.052044753124999996 0 0.074006559375 0 0.4098395703125 0.000442121875 0.41006944375 0.1515675234375 0.41006944375 0.28340032187499997 0.397723765625 0.46668006406250007 0.342168209375 0.4796875 0.33202371406250003 0.4796875 0.08541625625
1 0.4796875 0.41875 0.7493292625000001 0.41875 0.836274509375 0.3628985328125 0.836274509375 0.3264612859375 0.7627450984374999 0.33050986875 0.640196078125 0.29812120468750003 0.5764705875 0.221198128125 0.4796875 0.26230715 0.4796875 0.41875
1 0.4796875 0.4636900828125 0.3586587875 0.45530919531249997 0.3181637890625 0.523169959375 0.31203700156249997 0.5420974765625 0.44311989374999994 0.5992563328125 0.4796875 0.5916804328125 0.4796875 0.4636900828125
1 0.4796875 0.46383568593749996 0.4537109375 0.4671875 0.3228515625 0.4671875 0.319921875 0.4798828125 0.3248046875 0.490625 0.27890625 0.5072265625 0.3130859375 0.543359375 0.3873046875 0.5609375 0.4380859375 0.6 0.456640625 0.5990234375 0.4796875 0.5968492046875 0.4796875 0.46383568593749996
1 0 0.5774739859375 0.045263671875 0.5838562015625 0.1427978515625 0.5708455406249999 0.198787434375 0.52392985 0.2697916671875 0.5088541671875 0.262263996875 0.473972575 0.13363240625 0.45586547812500006 0.01924235 0.44578450468749997 0 0.455968921875 0 0.5774739859375
1 0.9036317562499999 0.69662665625 0.918646771875 0.69662665625 0.918646771875 0.703249171875 0.9606888140625 0.703249171875 0.9606888140625 0.69662665625 0.9696978234374999 0.69662665625 0.9696978234374999 0.6900041390625 0.9727008265624999 0.6900041390625 0.9727008265624999 0.6635140734375 0.9696978234374999 0.6635140734375 0.9696978234374999 0.6502690390625 0.9666948203124999 0.6502690390625 0.9666948203124999 0.6370240062500001 0.9636918171875 0.6370240062500001 0.9636918171875 0.61715645625 0.9576858109374999 0.610533940625 0.9576858109374999 0.6039114234375 0.9546828078124999 0.6039114234375 0.9546828078124999 0.5972889078125 0.9426707953125 0.5906663906249999 0.9426707953125 0.5840438734375 0.9366647890625 0.5840438734375 0.9366647890625 0.5774213578125 0.930658784375 0.5774213578125 0.930658784375 0.570798840625 0.921649775 0.570798840625 0.918646771875 0.5840438734375 0.9156437687500001 0.5840438734375 0.9156437687500001 0.5972889078125 0.9126407656249999 0.5972889078125 0.9126407656249999 0.61715645625 0.9096377624999998 0.61715645625 0.9096377624999998 0.6237789734375 0.8856137390625001 0.6237789734375 0.8856137390625001 0.630401490625 0.8826107359375002 0.630401490625 0.8826107359375002 0.65689155625 0.8856137390625001 0.65689155625 0.8856137390625001 0.6701365890625001 0.8916197453125001 0.67675910625 0.8916197453125001 0.683381621875 0.8976257499999999 0.683381621875 0.8976257499999999 0.6900041390625 0.9036317562499999 0.6900041390625 0.9036317562499999 0.69662665625
1 0.8675957203125 0.41875 0.8675957203125 0.43834850937500003 0.8645927171875 0.43834850937500003 0.8645927171875 0.4449710265625 0.8675957203125 0.4449710265625 0.8675957203125 0.45821605937500004 0.8736017265625 0.45821605937500004 0.8705987234375 0.5111961921875 0.8736017265625 0.5111961921875 0.8736017265625 0.517818709375 0.8796077328124999 0.517818709375 0.8796077328124999 0.524441225 0.8916197453125001 0.524441225 0.8916197453125001 0.5310637421875001 0.9066347593749999 0.5310637421875001 0.9066347593749999 0.5376862578124999 0.9156437687500001 0.5376862578124999 0.9156437687500001 0.544308775 0.918646771875 0.544308775 0.918646771875 0.5111961921875 0.9126407656249999 0.5045736749999999 0.9126407656249999 0.4913286421875 0.9156437687500001 0.4913286421875 0.9156437687500001 0.45159354374999994 0.9126407656249999 0.45159354374999994 0.9126407656249999 0.43834850937500003 0.9096377624999998 0.43834850937500003 0.9096377624999998 0.42510347656249997 0.9038757499999999 0.41875 0.8675957203125 0.41875
1 1 0.7498068421874999 0.999727853125 0.7496067875 0.999727853125 0.7429842718749999 0.9696978234374999 0.7429842718749999 0.9696978234374999 0.7496067875 0.9336617875 0.7562293046875 0.9336617875 0.762851821875 0.924652778125 0.762851821875 0.924652778125 0.7694743374999999 0.9156437687500001 0.7694743374999999 0.9096377624999998 0.7827193703124999 0.9036317562499999 0.7827193703124999 0.9006287531249999 0.8025869203125 0.8976257499999999 0.8025869203125 0.8976257499999999 0.8489445359375001 0.9096377624999998 0.8688120859375001 0.92765578125 0.88205711875 0.92765578125 0.8886796359375001 0.9336617875 0.8886796359375001 0.9336617875 0.8953021515625 0.9426707953125 0.8953021515625 0.9546828078124999 0.9151697015625 0.9666948203124999 0.9151697015625 0.9666948203124999 0.9217922187500001 1 0.9263827093749999 1 0.7498068421874999
1 0.61171875 0.8009765625 0.6068359375 0.78046875 0.5951171875 0.77265625 0.5814453125 0.774609375 0.5638671875 0.75703125 0.5521484375 0.774609375 0.5345703125 0.778515625 0.519921875 0.7912109375 0.496484375 0.8322265625 0.496484375 0.8439453125 0.5326171875 0.88203125 0.590234375 0.8869140625 0.6048828125 0.88203125 0.61953125 0.8615234375 0.61953125 0.8087890625 0.61171875 0.8009765625
1 0.64296875 0.6193359375 0.6341796875 0.6046875 0.5775390625 0.6046875 0.5375 0.6330078125 0.52578125 0.6564453125 0.531640625 0.6818359375 0.58828125 0.6876953125 0.6087890625 0.6828125 0.613671875 0.6623046875 0.64296875 0.6408203125 0.64296875 0.6193359375
1 0.4796875 0.5664782078125 0.48671875 0.5666015625 0.52578125 0.5548828125 0.5296875 0.5138671875 0.5169921875 0.49921875 0.4798828125 0.485546875 0.4796875 0.485546875 0.4796875 0.5664782078125
1 0.57842548125 0.41875 0.574609375 0.4435546875 0.5833984375 0.45625 0.63515625 0.4630859375 0.648828125 0.4552734375 0.648828125 0.4337890625 0.641015625 0.4279296875 0.639020040625 0.41875 0.57842548125 0.41875
1 0.7044921875 0.4875 0.699609375 0.5119140625 0.7279296875 0.53046875 0.742578125 0.5294921875 0.7484375 0.5158203125 0.742578125 0.4923828125 0.7298828125 0.485546875 0.7044921875 0.4875