1 0.4890625 0.054734848437500004 0.4609118859375 0.054734848437500004 0.4543545078125 0.06685606093749999 0.4543545078125 0.091098484375 0.45107582031250004 0.097159090625 0.428125 0.091098484375 0.428125 0.085037878125 0.36910860625 0.085037878125 0.36255122968750003 0.115340909375 0.35271516406250003 0.1335227265625 0.35271516406250003 0.1456439390625 0.359272540625 0.15776515156249998 0.36582991875 0.15776515156249998 0.36582991875 0.1638257578125 0.3723872953125 0.1638257578125 0.3723872953125 0.1698863640625 0.3887807375 0.1698863640625 0.3887807375 0.1759469703125 0.40189549218750004 0.1759469703125 0.40189549218750004 0.182007575 0.457633196875 0.18806818125 0.457633196875 0.182007575 0.4707479515625 0.182007575 0.4707479515625 0.1759469703125 0.48714139375 0.1698863640625 0.4890625 0.164559659375 0.4890625 0.054734848437500004
1 0.4890625 0.35 0.4890625 0.2607954546875 0.47730532812500004 0.2607954546875 0.47730532812500004 0.2547348484375 0.4543545078125 0.2547348484375 0.4543545078125 0.24867424218749998 0.4150102453125 0.24867424218749998 0.4150102453125 0.24261363593750002 0.39533811406249997 0.24867424218749998 0.39533811406249997 0.24261363593750002 0.3723872953125 0.24261363593750002 0.3723872953125 0.24867424218749998 0.34615778750000004 0.2547348484375 0.3330430328125 0.2789772734375 0.32976434375 0.32140151562499997 0.336321721875 0.3335227265625 0.36582991875 0.3456439390625 0.36582991875 0.35 0.4890625 0.35
1 0 0.3320162265625 0.0087890625 0.339453125 0.025390625 0.3404296875 0.0478515625 0.339453125 0.0625 0.3267578125 0.068359375 0.3169921875 0.068359375 0.2818359375 0.0849609375 0.27890625 0.091796875 0.2642578125 0.08984375 0.2212890625 0.0517578125 0.20078125 0.0458984375 0.20078125 0.037109375 0.2173828125 0.0205078125 0.230078125 0 0.227001953125 0 0.3320162265625
1 0.2587890625 0.253515625 0.2470703125 0.24375 0.2314453125 0.241796875 0.2177734375 0.25546875 0.19921875 0.2603515625 0.197265625 0.3072265625 0.2138671875 0.321875 0.25390625 0.3228515625 0.263671875 0.3072265625 0.28515625 0.2916015625 0.2734375 0.2818359375 0.2587890625 0.253515625
1 0.2138671875 0.14609375 0.1611328125 0.144140625 0.130859375 0.1646484375 0.134765625 0.2134765625 0.14453125 0.2388671875 0.1591796875 0.25546875 0.189453125 0.2623046875 0.216796875 0.2330078125 0.234375 0.1939453125 0.234375 0.1705078125 0.2138671875 0.14609375
1 0.3076171875 0.175390625 0.2666015625 0.175390625 0.26171875 0.1802734375 0.259765625 0.1958984375 0.2705078125 0.21640625 0.318359375 0.2173828125 0.3515625 0.1861328125 0.3505859375 0.16953125 0.3232421875 0.165625 0.3076171875 0.175390625
1 0.1963623046875 0 0.1953125 0.0083984375 0.169921875 0.0181640625 0.162109375 0.0513671875 0.1748046875 0.06015625 0.19140625 0.0591796875 0.2216796875 0.0484375 0.234375 0.0357421875 0.2265625 0.0044921875 0.2470703125 0.0015625 0.24828559062500002 0 0.1963623046875 0
1 0.40537109375 0 0.3984375 0.0416015625 0.44921875 0.0533203125 0.443359375 0.0396484375 0.447265625 0.0142578125 0.4406119796875 0 0.40537109375 0
1 0.1796875 0.0865234375 0.185546875 0.0689453125 0.1728515625 0.066015625 0.16796875 0.0845703125 0.1796875 0.0865234375
1 1 0.35 1 0.22916026406249998 0.9494602265625 0.1418203546875 0.7349147734375 0.1144979515625 0.691278409375 0.13089139375 0.691278409375 0.22925204843749997 0.7021875 0.28389685781249996 0.7349147734375 0.32761270468750003 0.773473596875 0.35 1 0.35
1 0.1974609375 0.94917004375 0.2033203125 0.9374805171875 0.2130859375 0.9316357546875 0.243359375 0.895105984375 0.24921875 0.8775716953125 0.2453125 0.8454254984375 0.2404296875 0.8381195453124999 0.2306640625 0.8381195453124999 0.2228515625 0.8322747812500001 0.2189453125 0.8235076375 0.2033203125 0.8118181109375 0.1271484375 0.8235076375 0.1056640625 0.8381195453124999 0.096875 0.8512702624999999 0.091015625 0.8717269328124999 0.0734375 0.8921836031249999 0.065625 0.9184850375 0.065625 0.9330969453125 0.055859375 0.953553615625 0.055859375 0.9769326687500002 0.0626953125 0.9900833859375 0.0705078125 0.9959281484375001 0.1046875 0.9944669578124999 0.1173828125 0.987161003125 0.1310546875 0.987161003125 0.1623046875 0.9637819515625001 0.1974609375 0.94917004375
1 0.76788194375 0.8767361109374999 0.78350694375 0.8304398140625 0.76961805625 0.8088348765625 0.7947916671874999 0.75482253125 0.83211805625 0.6745756171874999 0.826909721875 0.640625 0.7921875 0.6174768515625 0.7704861109375 0.581983025 0.7348958328125 0.5804398140625 0.655902778125 0.6622299375 0.5951388890625 0.6560570984374999 0.576909721875 0.7363040125 0.6567708328124999 0.7995756171874999 0.6532986109375 0.90914351875 0.75225694375 0.9430941359375 0.76961805625 0.9214891968749999 0.76788194375 0.8767361109374999