1 0.2304744328125 0.3390625 0.297784090625 0.32841529999999997 0.355965909375 0.2573770484375 0.3523295453125 0.235519125 0.2941477265625 0.21366120156249999 0.257784090625 0.17540983593749998 0.14505681875 0.17540983593749998 0.1232386359375 0.191803278125 0.115965909375 0.24098360625 0.1705113640625 0.31202185781249997 0.22809318125 0.3390625 0.2304744328125 0.3390625
1 0.46875 0.3390625 0.6393880203125 0.3390625 0.637109375 0.30625 0.5951171875 0.2765625 0.5580078125 0.2734375 0.5091796875 0.3046875 0.4720703125 0.3140625 0.46875 0.319375 0.46875 0.3390625
1 0.1048608140625 0.92688358125 0.1786295 0.8891473093750001 0.23256736875 0.8540731140624999 0.11555795937499999 0.8804505406249999 0.1048608140625 0.92688358125
1 0.1734375 0.9091796875 0.1763671875 0.91796875 0.2173828125 0.931640625 0.27109375 0.9326171875 0.2955078125 0.927734375 0.300390625 0.9208984375 0.2056640625 0.90625 0.1734375 0.9091796875
1 0.2525390625 0.86328125 0.2154296875 0.865234375 0.15 0.8857421875 0.1587890625 0.89453125 0.179296875 0.8935546875 0.2134765625 0.890625 0.2505859375 0.876953125 0.25546875 0.8681640625 0.2525390625 0.86328125
1 0.46875 0.8692302812499999 0.458591215625 0.8676166593750001 0.43763788124999997 0.87176440625 0.44667864062499996 0.8900059031249998 0.46802216874999997 0.8874774562500001 0.46875 0.88745061875 0.46875 0.8692302812499999
1 0.3838108296875 0.9275736343750001 0.36323988281249997 0.9266215640625 0.3627560453125 0.93527213125 0.3751875765625 0.9430720796875001 0.4154671453125 0.948530871875 0.43968639062500003 0.950938359375 0.4418363515625 0.9399115203124999 0.416813309375 0.9311165812500001 0.3838108296875 0.9275736343750001
1 0.41646603750000005 0.8416688609375 0.4158222203125 0.8531678328125001 0.4288975703125 0.8574326359375 0.44567974687499995 0.860039121875 0.45576232031249997 0.84797046875 0.43947958906249995 0.8445211671875 0.41646603750000005 0.8416688609375
1 0.3255433890625 0.838422459375 0.34011707812499997 0.8444158156250001 0.359774975 0.843057946875 0.361296725 0.8356637984375 0.33946545625 0.8322925359374999 0.3255433890625 0.838422459375
1 0.586328125 0.8396484375 0.5912109375 0.8484375 0.6 0.8474609375 0.6458984375 0.842578125 0.652734375 0.8337890625 0.6302734375 0.826953125 0.586328125 0.8396484375
1 0.5296875 0.8748046875 0.539453125 0.8767578125 0.5501953125 0.87578125 0.57265625 0.8533203125 0.5384765625 0.86015625 0.5296875 0.8748046875
1 0.8353515625 0.854296875 0.81484375 0.8572265625 0.836328125 0.8611328125 0.8353515625 0.854296875