1 0.159058746875 0 0.1602508234375 0.007978995312499999 0.269646565625 0.1315214671875 0.492088703125 0.1698449625 0.61875 0.1729463453125 0.61875 0.0763885140625 0.586367125 0 0.159058746875 0
0 0.733056578125 0.2629790546875 0.7331696953125 0.2564985609375 0.7267069265625 0.2387904796875 0.722337075 0.23547297031249997 0.66656791875 0.23727771562500002 0.6646887203125 0.24048615 0.6675385296874999 0.25627903124999996 0.6713229875 0.263290590625 0.709590328125 0.2644215828125 0.7301681921875 0.2643177375 0.733056578125 0.2629790546875
1 0.65870709375 0.165370315625 0.6582285625 0.1778638671875 0.67301349375 0.1813631734375 0.700393478125 0.1795259234375 0.70339498125 0.171706746875 0.696534478125 0.16186329375 0.6631900625 0.1622073296875 0.65870709375 0.165370315625
1 0.6544790359375 0.1240865328125 0.653120590625 0.12730405625000002 0.65351206875 0.134719425 0.656303496875 0.1389354515625 0.6872802796874999 0.13993918593750002 0.6915109515625 0.136308765625 0.691119475 0.128893396875 0.6883280453125 0.1246773703125 0.6544790359375 0.1240865328125
1 0.6652720453125001 0.08769528125 0.666436571875 0.0955871765625 0.691668903125 0.097416709375 0.6937842375 0.0956014984375 0.69443426875 0.088204309375 0.6900967375 0.083035228125 0.66925041875 0.083597421875 0.6652720453125001 0.08769528125
1 0.6935381984375 0.079854065625 0.6978011859375 0.07437207500000001 0.6981989203125 0.0665074484375 0.6690205359375 0.066924203125 0.666588265625 0.0719751171875 0.6687943015625 0.07988519375 0.6935381984375 0.079854065625
1 0.628276896875 0.2953506265625 0.6364212671875 0.32460822500000003 0.6608188734375 0.3258775921875 0.6949630953125 0.30288694375 0.7218106703125 0.2822752484375 0.6732817578125 0.2740110421875 0.628902703125 0.2724753734375 0.628276896875 0.2953506265625
1 0.4390625 0.7943094140625 0.3713541671875 0.800482253125 0.325347221875 0.781963734375 0.270659721875 0.76961805625 0.25243055625 0.811284721875 0.317534721875 0.8606674375000001 0.3947916671875 0.8776427468750001 0.48680555625000005 0.8915316359375 0.5119791671875 0.9007908953125 0.5380208328125 0.8344328703125001 0.48333333281249996 0.7510995375 0.4390625 0.7943094140625
1 1 0.630444021875 0.9733988484375 0.629288334375 0.9551277671874999 0.6325363921875 0.9482236984375 0.638087875 0.8954058781249999 0.662302959375 0.8873467796875 0.6700365234375 0.8862181421875001 0.6790089953124999 0.8990029140625 0.6897086703124999 0.9441560296875 0.7034260421875 1 0.7133693546875 1 0.630444021875
1 1 1 1 0.8230133859375 0.998184278125 0.8229267359375001 0.9632956328125001 0.81294425625 0.9493297359374999 0.811967665625 0.942556740625 0.8084769203125 0.931373290625 0.7963806531250001 0.8537993437499999 0.7803961953125 0.8190681625 0.768161878125 0.8130039 0.761703559375 0.817781475 0.7507233984375 0.8185163062499999 0.7402148234375 0.8030537703125 0.7248022031250001 0.8024236218749999 0.7194781578125 0.8060461703125 0.7106800765625 0.8038671875000001 0.7060020109374999 0.7976454609375 0.7017955312499999 0.7836270765625 0.7015695546874999 0.7653823859375001 0.711608003125 0.7046884421875 0.705101021875 0.6828734 0.70885554375 0.6191612531249999 0.7383430843750001 0.61875 0.738482175 0.61875 0.97445401875 0.6492506234375 0.9818176484375 0.6776668421875 1 1 1
1 0.61875 0.5293414203125 0.6548828125 0.526171875 0.665625 0.5193359375 0.667578125 0.5076171875 0.6529296875 0.494921875 0.61875 0.48772615156250004 0.61875 0.5293414203125