1 0 0.36875 0.2108809953125 0.36875 0.209266903125 0.3558372640625 0.10863797187499999 0.15457940312500001 0.0960593546875 0.1105542453125 0.0237323109375 0.035082546874999995 0 0.032709315625 0 0.36875
1 1 0 0.5517374515625 0 0.5517374515625 0.0070070875 0.578764478125 0.0327802828125 0.7602316609375 0.053398840625 0.8490347484375 0.1358730671875 0.9610038609375 0.130718428125 0.9957528953124999 0.1771101796875 1 0.1773201828125 1 0
1 0 0.9066322234375 0.012474078125 0.9052292890625001 0.081854540625 0.901183825 0.102734375 0.9251953125 0.133984375 0.8958984375 0.1359375 0.7669921875 0.1193359375 0.75625 0.093979278125 0.7804941703125 0.0582786828125 0.7966760265625 0.036723553125 0.7960017609375 0 0.7901977296875 0 0.9066322234375
1 0.8427884609374999 0.8247596156250001 0.847596153125 0.7959134609375 0.8355769234375 0.781490384375 0.7875 0.7742788468749999 0.76826923125 0.7887019234375 0.76826923125 0.800721153125 0.7899038468749999 0.8199519234375 0.7826923078125001 0.84639423125 0.8067307687499999 0.84639423125 0.8427884609374999 0.8247596156250001
1 1 0.7608173062500001 0.9966346156250001 0.740625 0.9461538468749999 0.709375 0.9317307687499999 0.709375 0.8980769234375 0.738221153125 0.9028846156250001 0.7766826921875001 0.9269230765625001 0.800721153125 0.9822115390625001 0.7911057687499999 1 0.77109375 1 0.7608173062500001
1 0.45576923125 0.718990384375 0.465384615625 0.7334134609375 0.5423076921875 0.740625 0.5735576921875 0.72139423125 0.5735576921875 0.7045673078125001 0.54951923125 0.6949519234375 0.4990384609375 0.699759615625 0.5014423078125 0.69014423125 0.527884615625 0.678125 0.5134615390625 0.6709134609375 0.49423076874999994 0.69014423125 0.4581730765625 0.7021634609375 0.45576923125 0.718990384375
1 0.8091346156250001 0.5771634609375 0.83076923125 0.5603365390625 0.8139423078125001 0.5411057687499999 0.7802884609375 0.5387019234375 0.746634615625 0.5579326921875 0.7826923078125001 0.5795673078125001 0.8091346156250001 0.5771634609375
1 0.7480365953125 1 0.758203125 0.9916015625 0.76015625 0.9642578125 0.7474609375 0.945703125 0.7162109375 0.941796875 0.676171875 0.9603515625 0.66640625 0.9740234375 0.66640625 0.9935546875 0.6714946546875 1 0.7480365953125 1
1 0.50203125 1 0.512109375 0.9916015625 0.50234375 0.9017578125 0.4779296875 0.891015625 0.4564453125 0.89296875 0.4296875 0.9172374640625 0.4296875 0.989185475 0.4468635109375 1 0.50203125 1
1 0.660546875 0.8529296875 0.672265625 0.8548828125 0.680078125 0.8509765625 0.680078125 0.8275390625 0.6693359375 0.82265625 0.660546875 0.8529296875
1 0.551171875 0.6966796875 0.5716796875 0.711328125 0.586328125 0.7103515625 0.6107421875 0.70546875 0.617578125 0.6849609375 0.5736328125 0.678125 0.551171875 0.6966796875
1 0.56484375 0.5599609375 0.5716796875 0.574609375 0.594140625 0.5794921875 0.613671875 0.5580078125 0.6107421875 0.54921875 0.5775390625 0.54921875 0.56484375 0.5599609375
1 0.7298828125 0.473046875 0.70546875 0.4916015625 0.7103515625 0.500390625 0.76015625 0.5013671875 0.769921875 0.4916015625 0.769921875 0.4818359375 0.7533203125 0.475 0.7298828125 0.473046875
1 0.7233777218749999 0.6342137484375 0.6851506515625 0.616218615625 0.6307564875 0.6433657484374999 0.6294040015625 0.6861534875 0.6940613859375 0.703580778125 0.7219450484375 0.6821548328125 0.7229767875 0.6528278046875 0.7233777218749999 0.6342137484375