1 0.8363636359375001 0.3770491796875 0.8945454546875 0.3715847 0.8363636359375001 0.35519125625000003 0.8363636359375001 0.3770491796875
1 0.25818181875 0.5737704921875 0.33818181875 0.5792349734375 0.309090909375 0.5573770484375 0.25818181875 0.5737704921875
1 0.349090909375 0.4426229515625 0.41454545468750004 0.4316939890625 0.3963636359375 0.40983606562499997 0.349090909375 0.4426229515625
1 0.34181818124999996 0.535519125 0.38181818125 0.54098360625 0.39272727343749997 0.5191256828124999 0.36 0.508196721875 0.34181818124999996 0.535519125
1 0.7236363640625 0.6284153 0.730909090625 0.64480874375 0.7636363640625 0.64480874375 0.76 0.6120218578125 0.73818181875 0.6120218578125 0.7236363640625 0.6284153
1 0.4945454546875 0.677595628125 0.53818181875 0.677595628125 0.5527272734374999 0.6557377046874999 0.5163636359375 0.6393442625 0.4945454546875 0.677595628125
1 0.70181818125 0.3606557375 0.70181818125 0.3934426234375 0.749090909375 0.3715847 0.74181818125 0.3387978140625 0.72 0.3387978140625 0.70181818125 0.3606557375
1 0.10545454531250001 0.535519125 0.21818181874999998 0.5300546453125 0.12 0.502732240625 0.10545454531250001 0.535519125
1 0.57818181875 0.464480875 0.5636363640625001 0.5191256828124999 0.6363636359375 0.508196721875 0.6036363640625 0.47540983593749997 0.6472727265625 0.45355191250000004 0.70181818125 0.45355191250000004 0.7163636359375001 0.47540983593749997 0.7563636359375 0.464480875 0.7345454546875 0.42076502656250003 0.6472727265625 0.415300546875 0.57818181875 0.464480875
1 0 0.9344262296875 0.10909090937499999 0.9398907109374999 0.1345454546875 0.9180327875 0.14181818125 0.863387978125 0.0836363640625 0.857923496875 0 0.8907103828125 0 0.9344262296875
1 0.2254545453125 0.672131146875 0.21818181874999998 0.7158469953125 0.17090909062499998 0.7158469953125 0.14181818125 0.7868852453125 0.1854545453125 0.7978142078125 0.1963636359375 0.7759562843750001 0.250909090625 0.7595628421875 0.27272727343750003 0.7103825140625 0.370909090625 0.6830601093750001 0.309090909375 0.6612021859375 0.2254545453125 0.672131146875
1 0.8290909093750001 0.38797814218750004 0.8545454546875 0.40983606562499997 0.9054545453125 0.38797814218750004 0.90181818125 0.36612021875 0.850909090625 0.3606557375 0.8290909093750001 0.38797814218750004
1 0.6036363640625 0.48633879843749994 0.77818181875 0.5245901640625 0.8763636359375001 0.497267759375 0.8363636359375001 0.4699453546875 0.7054545453125 0.4699453546875 0.6036363640625 0.48633879843749994
1 0.770909090625 0.54098360625 0.6872727265624999 0.6830601093750001 0.7345454546875 0.6994535515625 0.7854545453124999 0.672131146875 0.8036363640624999 0.63387978125 0.8 0.595628415625 0.8327272734375001 0.5464480875 0.8327272734375001 0.5300546453125 0.8109090906249999 0.5300546453125 0.770909090625 0.54098360625