1 1 0.131935915625 0.9289152999999999 0.11063144375 0.7088380796875 0.084858246875 0.654784025 0.10547680468750001 0.5814249515625 0.1827963921875 0.5814249515625 0.2085695875 0.608451978125 0.23434278281249998 0.7899191609375 0.25496134062500003 0.8787222484375 0.3374355671875 0.9906913609375 0.332280928125 1 0.344708440625 1 0.131935915625
1 0 1 0.1561022734375 1 0.1910795453125 0.9737192625000001 0.18017045468749998 0.924538934375 0.1328977265625 0.9081454921875001 0.176534090625 0.8535006828124999 0.1219886359375 0.842571721875 0.11471590937500001 0.7715334703125001 0.0128977265625 0.6950307375 0 0.69009718125 0 1
1 0.39187500000000003 0.7384375000000001 0.36854166718750003 0.7584375 0.441875 0.7534375 0.39187500000000003 0.7384375000000001
1 0.7852083328125 0.8284375 0.751875 0.8234375 0.7318749999999999 0.8434375 0.791875 0.8484375 0.7852083328125 0.8284375
1 0.6929166656250001 1 0.6852083328124999 0.9884375000000001 0.6285416671874999 0.9884375000000001 0.61890625 1 0.6929166656250001 1
1 0.5952083328125 0.8184374999999999 0.5852083328125 0.7934375 0.5352083328124999 0.7934375 0.5085416671875 0.8134375 0.5385416671875 0.8284375 0.5952083328125 0.8184374999999999
1 0.7318749999999999 0.7534375 0.691875 0.7484375 0.6452083328125 0.7734375 0.7685416671875 0.7834375 0.7318749999999999 0.7534375
1 0.521875 0.8484375 0.4152083328125 0.8334374999999999 0.3352083328125 0.8534375000000001 0.4852083328125 0.8684375 0.521875 0.8484375
1 0.8279166671875 1 0.881875 0.9934375 0.8618750000000001 0.9734375 0.811875 0.9684375 0.721875 0.9884375000000001 0.7430729171875 1 0.8279166671875 1
1 0.5143518515625 1 0.5152083328125 0.9884375000000001 0.4285416671875 0.9734375 0.4185416671875 0.9934375 0.42291666718750004 1 0.5143518515625 1
1 0.521875 0.9684375 0.5785416671875 0.9534375 0.5752083328125 0.9384375 0.4452083328125 0.9134375 0.3952083328125 0.9434374999999999 0.5085416671875 0.9484375 0.521875 0.9684375
1 1 0.9184374999999999 0.971875 0.9184374999999999 0.8785416671874999 0.9334374999999999 0.8052083328125 0.8884375 0.561875 0.8734375 0.5385416671875 0.8884375 0.8418749999999999 0.9234375 0.8852083328125001 0.9584374999999999 0.9985416671875 0.9534375 1 0.9521875 1 0.9184374999999999