1 0.559375 0.45150204531250004 0.5451041671875 0.4546875 0.5451041671875 0.46063988125 0.5284375 0.46063988125 0.5284375 0.4665922625 0.5217708328125 0.4665922625 0.5217708328125 0.4725446421875 0.5184375 0.4725446421875 0.5184375 0.4844494046875 0.5217708328125 0.4844494046875 0.5217708328125 0.4904017859375 0.5284375 0.4904017859375 0.5284375 0.49635416718750003 0.5417708328125 0.49635416718750003 0.5417708328125 0.502306546875 0.559375 0.502306546875 0.559375 0.45150204531250004
1 0.5623263890625 0 0.559375 0.00790550625 0.559375 0.1213606375 0.5830208328125 0.0993303578125 0.7563541671875 0.051711309375 0.7496875000000001 0.0338541671875 0.6359375 0 0.5623263890625 0
1 0.1679263171875 0.8803528703125 0.22543430468749998 0.8875299046875 0.247798521875 0.8779605265624999 0.244603634375 0.8636064593749999 0.217447084375 0.842075359375 0.2094598640625 0.8181519140625 0.1759135390625 0.813367225 0.1615365421875 0.8277212921875 0.1615365421875 0.8612141140624999 0.1679263171875 0.8803528703125
1 0.3851787140625 0.7535586125 0.43789436875 0.7703050234375001 0.46824580625 0.7726973687500001 0.49220746875000004 0.763127990625 0.4890125796875 0.722458134375 0.42511481562500003 0.7176734453125 0.3867761578125 0.724850478125 0.37239916093750003 0.741596890625 0.3851787140625 0.7535586125
1 0.289036540625 1 0.271760184375 0.9784389953125 0.1950828671875 0.9688696171875 0.1535493203125 0.9784389953125 0.1423672125 0.9927930625 0.15018720000000002 1 0.289036540625 1
1 0.28069588749999996 0.559375 0.287734625 0.574132775 0.247798521875 0.5837021531250001 0.22543430468749998 0.581309809375 0.20147264374999999 0.564563396875 0.17431609374999998 0.564563396875 0.14076976875 0.586094496875 0.20147264374999999 0.6124102875 0.21904452812500003 0.65308014375 0.21904452812500003 0.67461124375 0.2557857421875 0.71288875625 0.24939596718749998 0.7535586125 0.271760184375 0.763127990625 0.31968350624999997 0.7583433015625001 0.3228783953125 0.743989234375 0.3148911734375 0.7104964109375 0.335657946875 0.6578648328125001 0.3787889375 0.6554724875 0.421919928125 0.63154904375 0.4155301515625 0.5693480859375 0.41848986093749996 0.559375 0.28069588749999996 0.559375
1 0.188693090625 0.574132775 0.1775109828125 0.5669557421875 0.1679263171875 0.586094496875 0.188693090625 0.5884868421875 0.188693090625 0.574132775
1 0.3819838265625 0.65308014375 0.3851787140625 0.6363337328124999 0.37719149375 0.6363337328124999 0.3404502796875 0.6411184203125 0.3404502796875 0.6482954546874999 0.3819838265625 0.65308014375
1 0.25259085468750003 0.7511662671874999 0.27974740468750003 0.763127990625 0.303709065625 0.75595095625 0.3132937296875 0.7463815796875 0.3132937296875 0.7296351671875 0.302111621875 0.722458134375 0.27974740468750003 0.7392045453125 0.2573831875 0.741596890625 0.25259085468750003 0.7511662671874999
1 0.21740714843750003 1 0.22703174843750001 0.9927930625 0.21425219687500002 0.97604665 0.156744209375 0.97365430625 0.1471595453125 0.9880083734374999 0.1519518765625 0.9951854062500001 0.19374500625 1 0.21740714843750003 1
1 0.3244758390625 0.6004485640625 0.3116962859375 0.6363337328124999 0.3388528359375 0.6387260765625 0.334060503125 0.624372009375 0.34684005625 0.6124102875 0.3995557109375 0.621979665625 0.40754293124999996 0.6124102875 0.4011531546875 0.59327153125 0.3867761578125 0.5908791859375 0.36121705312499996 0.59327153125 0.3516323875 0.602840909375 0.3244758390625 0.6004485640625
1 0.40594548750000004 0.7655203343749999 0.44268670156249995 0.7583433015625001 0.46505091875 0.791836125 0.479427915625 0.791836125 0.484220246875 0.782266746875 0.484220246875 0.7511662671874999 0.4762330265625 0.73441985625 0.40754293124999996 0.7296351671875 0.394763378125 0.7392045453125 0.394763378125 0.7511662671874999 0.40594548750000004 0.7655203343749999
1 0.559375 0.9992686171875 0.69570748125 0.9992686171875 0.7328822031250001 0.946077128125 0.7328822031250001 0.8716090421875 0.559375 0.8666437828125 0.559375 0.9992686171875