1 0.5890625 0.46875 0.5890625 0.36045449218750003 0.5345840796875 0.2831822421875 0.5227471687499999 0.2877236109375 0.5267606625 0.4324619171875 0.4884733109375 0.42529364843749995 0.37684853125 0.34201794375 0.3297706625 0.3550358375 0.27247452031249997 0.3417096484375 0.23041034843750002 0.4066074265625 0.234291225 0.46875 0.5890625 0.46875
1 0.5890625 0.15885064531249998 0.6115257359374999 0.1703261171875 0.6597610296875 0.1681474671875 0.7221139703125 0.226970996875 0.7538786765625 0.244400190625 0.8032904406250001 0.2509361390625 0.8185845593749999 0.24222154062499998 0.8327022062499999 0.21389910156249997 0.8327022062499999 0.1420036765625 0.8409375000000001 0.10278799062499999 0.8409375000000001 0.065750953125 0.8503492640625 0.046143109375000005 0.8503492640625 0.0330712140625 0.8209375 0.011284721875 0.783290440625 0.002570125 0.7103492640625 0.030892565625 0.7079963234375001 0.046143109375000005 0.71270220625 0.08753744531249999 0.703290440625 0.11368123593749999 0.68917279375 0.11368123593749999 0.6538786765625 0.083180146875 0.6444669125 0.065750953125 0.6362316171875 0.065750953125 0.5938786765625 0.10278799062499999 0.5890625 0.112517640625 0.5890625 0.15885064531249998
1 0.9324692578124999 0.46875 0.9409375000000001 0.4274067265625 0.943290440625 0.36422589843750003 0.926819853125 0.34461805624999997 0.9021139703125 0.335903459375 0.8515257359374999 0.3576899515625 0.8374080875000001 0.3576899515625 0.8174080874999999 0.3380821078125 0.7538786765625 0.3555113015625 0.6938786765625 0.4077988828125 0.6809375 0.431764025 0.6821139703125 0.4622651140625 0.6870749078125 0.46875 0.9324692578124999 0.46875
1 0.5890625 0.8384009984375 0.5760117890625 0.832421875 0.4947007296875 0.816796875 0.3846916484375 0.808984375 0.193371509375 0.828515625 0.116843453125 0.859765625 0.101298690625 0.8783203125 0.08694968125 0.9349609375 0.10847319687500001 0.9701171875 0.147350046875 1 0.5811136593749999 1 0.5843820453124999 0.9955078125 0.577207540625 0.9583984375 0.5890625 0.9451958828125001 0.5890625 0.8384009984375
0 0.500679484375 0.7396484375 0.4731772140625 0.725 0.4062151640625 0.715234375 0.34881912187499997 0.72109375 0.321316853125 0.7396484375 0.32370835468750003 0.7572265625 0.3536021265625 0.771875 0.3846916484375 0.7796875 0.4361089359375 0.7806640625 0.46361120624999996 0.777734375 0.49709223125 0.7640625 0.5054624875 0.7533203125 0.500679484375 0.7396484375
1 1 0.713182440625 0.9468637281250001 0.692637309375 0.858545071875 0.71782981875 0.8861458140625 0.82658565 0.9018711859374999 0.8852858265624999 0.9601948359375001 0.8852858265624999 1 0.8679798984375001 1 0.713182440625
1 1 0.5681233125 0.9736458140625001 0.5969560203125 0.9551956781250001 0.6126140859375 0.9610280171875001 0.65114379375 1 0.63687301875 1 0.5681233125
1 0.7703125 0.8544921875 0.7595703125 0.828125 0.7166015625 0.830078125 0.678515625 0.8525390625 0.68046875 0.9013671875 0.6912109375 0.908203125 0.7009765625 0.8984375 0.7166015625 0.89453125 0.721484375 0.9052734375 0.6970703125 0.921875 0.69609375 0.9287109375 0.71953125 0.9326171875 0.7390625 0.9208984375 0.74296875 0.9013671875 0.760546875 0.8798828125 0.7703125 0.8544921875
1 1 0.5770665328125 0.9880859375 0.583984375 0.9578125 0.6162109375 0.9578125 0.6240234375 0.9861328125 0.63671875 1 0.6357942703124999 1 0.5770665328125
1 0.8396484375 0.58203125 0.7615234375 0.58984375 0.7322265625 0.599609375 0.7234375 0.6123046875 0.725390625 0.6240234375 0.7361328125 0.630859375 0.795703125 0.6318359375 0.8435546875 0.615234375 0.85234375 0.6044921875 0.85234375 0.5908203125 0.8396484375 0.58203125
1 0.791796875 0.9521484375 0.78984375 0.9580078125 0.8103515625 0.974609375 0.823046875 0.9755859375 0.8474609375 0.966796875 0.86015625 0.9462890625 0.8474609375 0.94140625 0.791796875 0.9521484375