1 0 0.1535025640625 0.08855323125 0.1812391015625 0.12463519999999999 0.2140132546875 0.3037269359375 0.197960215625 0.3641460453125 0.176086675 0.42186331875 0.1155750890625 0.433518146875 0.0406358796875 0.33116715625 0.026614609374999997 0.21347701562500002 0.03484430625 0.06997600468750001 0.0766463984375 0 0.11807885625 0 0.1535025640625
1 0.29415170156250003 0.359375 0.2924469 0.31334533750000004 0.286587525 0.30553283750000004 0.290493775 0.29381408750000004 0.2817047125 0.28307190000000004 0.2192047125 0.28307190000000004 0.1996734625 0.29479065000000004 0.1410797125 0.30455627500000004 0.1274078375 0.31236877500000004 0.06979065 0.35240783750000004 0.0672571359375 0.359375 0.29415170156250003 0.359375
1 0.463715278125 0.605902778125 0.4376736109375 0.5935570984374999 0.40729166718750004 0.5935570984374999 0.393402778125 0.6136188265625 0.455902778125 0.6383101859375 0.4689236109375 0.6290509265625 0.463715278125 0.605902778125
1 0.8339395484375001 0.934090909375 0.8404969265625001 0.934090909375 0.8437756140625 0.9462121218749999 0.847054303125 0.9462121218749999 0.847054303125 0.9522727265625001 0.8667264343750001 0.9522727265625001 0.8667264343750001 0.9462121218749999 0.8765625 0.9462121218749999 0.8765625 0.940151515625 0.8831198765625 0.940151515625 0.8831198765625 0.934090909375 0.8896772546874999 0.934090909375 0.9027920078125 0.903787878125 0.9060706968750001 0.903787878125 0.9060706968750001 0.8977272734374999 0.9093493859375 0.8977272734374999 0.9093493859375 0.8916666671875 0.9126280734375 0.8916666671875 0.9126280734375 0.8856060609374999 0.9159067625 0.8856060609374999 0.9191854515625 0.8613636359375001 0.9224641390624999 0.8613636359375001 0.9224641390624999 0.84318181875 0.9159067625 0.84318181875 0.9159067625 0.8371212124999999 0.8700051234374999 0.8371212124999999 0.8700051234374999 0.83106060625 0.85689036875 0.83106060625 0.85689036875 0.825 0.8404969265625001 0.825 0.8404969265625001 0.81893939375 0.797873975 0.8128787875000001 0.797873975 0.81893939375 0.7814805328125 0.81893939375 0.77820184375 0.83106060625 0.7749231562500001 0.83106060625 0.7749231562500001 0.84318181875 0.788037909375 0.8613636359375001 0.788037909375 0.8674242421875 0.8011526640625 0.8734848484375 0.8011526640625 0.8795454546875 0.8077100406250001 0.8795454546875 0.8208247953125 0.9098484843750001 0.824103484375 0.9098484843750001 0.824103484375 0.915909090625 0.827382171875 0.915909090625 0.827382171875 0.921969696875 0.8306608609375001 0.921969696875 0.8306608609375001 0.928030303125 0.8339395484375001 0.928030303125 0.8339395484375001 0.934090909375
1 0.6011526640625 0.359375 0.6011526640625 0.3643939390625 0.607710040625 0.3765151515625 0.61426741875 0.3765151515625 0.61426741875 0.38257575781250003 0.6208247953125 0.38257575781250003 0.6208247953125 0.3886363640625 0.6372182375 0.3886363640625 0.6372182375 0.3946969703125 0.6503329921875001 0.3946969703125 0.6503329921875001 0.400757575 0.706070696875 0.40681818124999997 0.706070696875 0.400757575 0.7191854515625 0.400757575 0.7191854515625 0.3946969703125 0.73557889375 0.3886363640625 0.7421362703125001 0.3704545453125 0.755251025 0.3643939390625 0.755251025 0.359375 0.6011526640625 0.359375
1 0.7093493859375 0.9098484843750001 0.7159067625000001 0.9098484843750001 0.73885758125 0.8613636359375001 0.7421362703125001 0.8613636359375001 0.7421362703125001 0.825 0.7323002046875 0.81893939375 0.7323002046875 0.8128787875000001 0.6929559421875 0.8128787875000001 0.6929559421875 0.80681818125 0.65689036875 0.80681818125 0.65689036875 0.8007575750000001 0.5913165984375001 0.8007575750000001 0.5913165984375001 0.80681818125 0.5814805328125 0.8128787875000001 0.5814805328125 0.8795454546875 0.5913165984375001 0.8916666671875 0.5913165984375001 0.8977272734374999 0.597873975 0.8977272734374999 0.6044313531250001 0.915909090625 0.6208247953125 0.921969696875 0.6208247953125 0.928030303125 0.6536116796875 0.934090909375 0.6536116796875 0.940151515625 0.686398565625 0.940151515625 0.686398565625 0.934090909375 0.6929559421875 0.934090909375 0.6929559421875 0.928030303125 0.6995133203125 0.928030303125 0.6995133203125 0.921969696875 0.706070696875 0.921969696875 0.7093493859375 0.9098484843750001
1 0.725742828125 0.4795454546875 0.725742828125 0.4734848484375 0.7027920078125 0.4734848484375 0.7027920078125 0.4674242421875 0.6634477453125001 0.4674242421875 0.6634477453125001 0.46136363593750007 0.6437756140625 0.4674242421875 0.6437756140625 0.46136363593750007 0.6208247953125 0.46136363593750007 0.6208247953125 0.4674242421875 0.5945952875 0.4734848484375 0.5814805328125 0.4977272734375 0.5782018437499999 0.540151515625 0.584759221875 0.5522727265625 0.61426741875 0.5643939390625 0.61426741875 0.5704545453125001 0.6437756140625 0.5704545453125001 0.6437756140625 0.5765151515625 0.7323002046875 0.5825757578124999 0.7323002046875 0.5765151515625 0.7585297125 0.5704545453125001 0.8077100406250001 0.521969696875 0.8044313531249999 0.4977272734375 0.788037909375 0.4916666671875 0.788037909375 0.4856060609375 0.748693646875 0.4856060609375 0.748693646875 0.4795454546875 0.725742828125 0.4795454546875
1 0.8529296875 0.644140625 0.8197265625 0.651953125 0.801171875 0.6763671875 0.7875 0.7232421875 0.7875 0.7466796875 0.7923828125 0.7515625 0.808984375 0.7505859375 0.8353515625 0.741796875 0.8578125 0.7134765625 0.86171875 0.6548828125 0.8529296875 0.644140625
1 0.72109375 0.7466796875 0.72109375 0.7623046875 0.742578125 0.7857421875 0.75625 0.7583984375 0.75625 0.7408203125 0.7318359375 0.7359375 0.72109375 0.7466796875
1 0.6 0.7486328125 0.60390625 0.7642578125 0.6126953125 0.77109375 0.629296875 0.7701171875 0.633203125 0.7564453125 0.62734375 0.7447265625 0.6048828125 0.73984375 0.6 0.7486328125
1 0.55 0.996573153125 0.57265625 0.9986328125 0.594140625 0.9771484375 0.598046875 0.9224609375 0.5931640625 0.917578125 0.5716796875 0.917578125 0.5541015625 0.92734375 0.55 0.9332682296874999 0.55 0.996573153125
1 0.8378098062499999 1 0.8265625 0.9673828125 0.8080078125 0.95859375 0.7435546875 0.952734375 0.723046875 0.9751953125 0.7235332421875 1 0.8378098062499999 1
1 0.55 0.43579001875 0.566796875 0.4361328125 0.6 0.4048828125 0.5990234375 0.38828125 0.5716796875 0.384375 0.5560546875 0.394140625 0.55 0.394140625 0.55 0.43579001875
1 0.5658203125 0.655859375 0.562890625 0.6685546875 0.5736328125 0.67734375 0.582421875 0.6763671875 0.5921875 0.6724609375 0.590234375 0.6626953125 0.5775390625 0.65390625 0.5658203125 0.655859375
1 0.55 0.7516276046874999 0.57265625 0.7251953125 0.5677734375 0.710546875 0.55 0.7097741171875 0.55 0.7516276046874999
1 1 0.47913707343750006 0.9916015625 0.472265625 0.9623046875 0.47421875 0.8802734375 0.448828125 0.8470703125 0.448828125 0.8421875 0.4537109375 0.840234375 0.4849609375 0.855859375 0.5240234375 0.8255859375 0.52890625 0.81484375 0.5494140625 0.87734375 0.6373046875 0.887109375 0.6392578125 0.90078125 0.6158203125 0.9125 0.5494140625 0.902734375 0.5396484375 0.928125 0.5201171875 0.9388671875 0.491796875 0.9994140625 0.4859375 1 0.4849609375 1 0.47913707343750006
1 0.8665332031249999 0.359375 0.865625 0.3775390625 0.9017578125 0.394140625 0.969140625 0.3990234375 0.9681640625 0.382421875 0.93984375 0.3736328125 0.9355044156249999 0.359375 0.8665332031249999 0.359375
1 0.725 0.6568359375 0.726953125 0.6431640625 0.7162109375 0.640234375 0.715234375 0.6548828125 0.725 0.6568359375