1 0.1499300375 0.5827460109375 0.14246735 0.561469415625 0.09395988749999999 0.561469415625 0.079034515625 0.5774268609375001 0.0864972015625 0.5987034578125 0.1499300375 0.5827460109375
1 0.3097364734375 0.6296875 0.33649720156249996 0.6093417546875 0.325303171875 0.5827460109375 0.23948227656249998 0.6146609046875 0.2289412328125 0.6296875 0.3097364734375 0.6296875
1 0.224556903125 0.401894946875 0.3887360078125 0.3859375 0.42231809687500005 0.34338430781249996 0.42231809687500005 0.3167885640625 0.3887360078125 0.311469415625 0.317840484375 0.35402260625 0.25440765 0.3593417546875 0.224556903125 0.401894946875
1 0.459375 0.370311428125 0.45216884375 0.36998005312500004 0.370079290625 0.41785239374999994 0.1573927234375 0.4497672875 0.09769123125 0.49763962812500007 0.20963152968749998 0.5135970750000001 0.224556903125 0.4710438828125 0.2805270515625 0.49763962812500007 0.3626166046875 0.47636303125 0.459375 0.4881857890625 0.459375 0.370311428125
1 0.459375 0.3241243140625 0.5146634609375 0.3300480765625 0.5867788468749999 0.3228365390625 0.6228365390625 0.3084134609375 0.6492788468749999 0.281971153125 0.6540865390625 0.23629807656250001 0.637259615625 0.20024038437499997 0.6036057687499999 0.181009615625 0.481009615625 0.1545673078125 0.459375 0.1733800171875 0.459375 0.3241243140625
1 0.6829326921875 0.159375 0.7454326921875 0.1665865390625 0.771875 0.1665865390625 0.800721153125 0.1521634609375 0.8055288468749999 0.137740384375 0.793509615625 0.125721153125 0.750240384375 0.10168269218749999 0.7117788468749999 0.096875 0.668509615625 0.11129807656249999 0.6540865390625 0.14014423125 0.6829326921875 0.159375
1 1 0.21802884687500002 0.9762019234375 0.2074519234375 0.9209134609374999 0.20504807656250001 0.865625 0.2146634609375 0.8536057687499999 0.22427884687500002 0.8536057687499999 0.2483173078125 0.9185096156250001 0.2771634609375 0.956971153125 0.2795673078125 0.9786057687499999 0.3084134609375 0.9978365390625001 0.315625 1 0.3152193515625 1 0.21802884687500002
1 0.6848858171875 0 0.6829326921875 0.003125 0.7262019234375 0.034375 0.793509615625 0.036778846875 0.8247596156250001 0.005528846875 0.8223901093749999 0 0.6848858171875 0
1 0.3033854171875 0.8978009265625 0.30625 0.8927083328125001 0.3046875 0.8825231484374999 0.30078125 0.87835648125 0.27682291718749996 0.875578703125 0.2666666671875 0.8797453703125001 0.2671875 0.8890046296874999 0.2716145828125 0.894097221875 0.2979166671875 0.8991898140625001 0.3033854171875 0.8978009265625
1 1 1 1 0.8129266968750001 0.93975694375 0.7797260796875001 0.8546875 0.74268904375 0.8520833328125 0.7673804015625001 0.8 0.781269290625 0.80086805625 0.80133101875 0.7765625 0.8183063265625 0.773090278125 0.8568865734375001 0.80086805625 0.917071759375 0.88506944375 0.9880594140625 0.9054358468749999 1 1 1
1 0.47859664375 0.6296875 0.490972221875 0.6423804015625 0.52569444375 0.65009645 0.55694444375 0.6624421296875 0.585590278125 0.6531828703125 0.5809933578125 0.6296875 0.47859664375 0.6296875