1 0.44609375 0.5259765625 0.4412109375 0.50546875 0.4294921875 0.49765625 0.4158203125 0.499609375 0.3982421875 0.48203125 0.3865234375 0.499609375 0.3689453125 0.503515625 0.354296875 0.5162109375 0.330859375 0.5572265625 0.330859375 0.5689453125 0.3669921875 0.60703125 0.424609375 0.6119140625 0.4392578125 0.60703125 0.45390625 0.5865234375 0.45390625 0.5337890625 0.44609375 0.5259765625
1 0.47734375 0.3443359375 0.4685546875 0.3296875 0.4119140625 0.3296875 0.371875 0.3580078125 0.36015625 0.3814453125 0.366015625 0.4068359375 0.42265625 0.4126953125 0.4431640625 0.4078125 0.448046875 0.3873046875 0.47734375 0.3658203125 0.47734375 0.3443359375
1 0.2234375 0.3853515625 0.215625 0.3619140625 0.1970703125 0.353125 0.166796875 0.3716796875 0.166796875 0.4205078125 0.1814453125 0.43125 0.201953125 0.4322265625 0.2244140625 0.42734375 0.233203125 0.4185546875 0.233203125 0.3951171875 0.2234375 0.3853515625
1 0.3142578125 0.210546875 0.2751953125 0.210546875 0.25859375 0.2330078125 0.256640625 0.2837890625 0.2654296875 0.290625 0.32109375 0.2916015625 0.36015625 0.2798828125 0.3640625 0.2388671875 0.3513671875 0.22421875 0.3142578125 0.210546875
1 0.4705078125 0.13046875 0.4314453125 0.13046875 0.412890625 0.1431640625 0.408984375 0.1685546875 0.4177734375 0.18125 0.46953125 0.1880859375 0.483203125 0.1802734375 0.483203125 0.1587890625 0.475390625 0.1529296875 0.4705078125 0.13046875
1 0.5388671875 0.2125 0.533984375 0.2369140625 0.5623046875 0.25546875 0.576953125 0.2544921875 0.5828125 0.2408203125 0.576953125 0.2173828125 0.5642578125 0.210546875 0.5388671875 0.2125
1 0.46343748125 0 0.464801025 0.020361328125 0.5191731765625 0.051560465624999996 0.5776041671875001 0.0354166671875 0.5495216015625 0 0.46343748125 0
1 0.5890625 0.6058142 0.6126041671875 0.5457589281249999 0.6892708328125 0.47433035781250005 0.8626041671875001 0.426711309375 0.8559374999999999 0.4088541671875 0.6759375000000001 0.3552827375 0.6359375 0.4624255953125 0.5890625 0.5368303578125 0.5890625 0.6058142
1 0.5890625 0.9718355234375 0.57027725625 0.7772203953125001 0.4875704890625 0.7666940796875 0.30335996249999997 0.6982730265625 0.2507283828125 0.7140625 0.1905780078125 0.782483553125 0.22441259374999997 0.83511513125 0.2056156015625 0.99300986875 0.23557330781250002 1 0.5790589765624999 1 0.5890625 0.9719901328125001 0.5890625 0.9718355234375
1 0.459375 0.8220703125 0.4623046875 0.834765625 0.496484375 0.8337890625 0.5130859375 0.830859375 0.519921875 0.8162109375 0.4935546875 0.81328125 0.459375 0.8220703125
1 0.5612890625 1 0.574609375 0.9939453125 0.56875 0.9470703125 0.57265625 0.9236328125 0.553125 0.8865234375 0.547265625 0.8533203125 0.51796875 0.8376953125 0.5130859375 0.811328125 0.4681640625 0.787890625 0.4466796875 0.768359375 0.4310546875 0.764453125 0.4076171875 0.741015625 0.3705078125 0.733203125 0.2845703125 0.73125 0.271875 0.7458984375 0.25625 0.7830078125 0.250390625 0.8201171875 0.250390625 0.8708984375 0.25625 0.8884765625 0.2484375 0.9060546875 0.2484375 0.9412109375 0.238671875 0.9587890625 0.2453188 1 0.5612890625 1
1 0.1305333171875 0.65 0.1484589515625 0.6762348046875 0.2050540609375 0.683358940625 0.24068261875000002 0.6519780703125 0.24136075156249998 0.65 0.1305333171875 0.65
1 0.2587708140625 0.65 0.22236003593749998 0.6621008046875 0.18868588749999998 0.7088608234375 0.190242321875 0.7658420859375 0.2643719453125 0.768884028125 0.31864619375 0.6971067875 0.2994173328125 0.6559972171874999 0.267862846875 0.65 0.2587708140625 0.65
1 0.25694182187500003 1 0.253362634375 0.9409074703125 0.2574448265625 0.8342936796875 0.271578828125 0.748161778125 0.300918603125 0.7107009625 0.2924114078125 0.6699026781249999 0.259493803125 0.6573329921875 0.2116698921875 0.67720806875 0.18621135312499998 0.748855278125 0.187078228125 0.8222598796874999 0.175737928125 0.9187115328125 0.14888056875 0.9466840093750001 0.1337038203125 1 0.25694182187500003 1
1 0.613682725 0.65 0.6067708328125 0.6745756171874999 0.613715278125 0.7023533953125 0.6345486109375 0.7085262343750001 0.7239583328125 0.706983025 0.809027778125 0.699266975 0.8498263890625001 0.68074845625 0.8220486109374999 0.6529706796875 0.818520928125 0.65 0.613682725 0.65