1 0.238778409375 0.3667520484375 0.18786931875 0.3831454921875 0.26786931875 0.38860997343750003 0.238778409375 0.3667520484375
1 0.3260511359375 0.219211065625 0.278778409375 0.25199795156250004 0.3442329546875 0.24106898906250002 0.3260511359375 0.219211065625
1 0.32241477343749997 0.3285006828125 0.2896875 0.317571721875 0.27150568124999996 0.344894125 0.31150568125 0.35035860625000004 0.32241477343749997 0.3285006828125
1 0.6933238640625 0.45418374375 0.6896875 0.42139685781249997 0.66786931875 0.42139685781249997 0.6533238640625 0.43779029999999997 0.660596590625 0.45418374375 0.6933238640625 0.45418374375
1 0.4824147734375 0.4651127046875 0.4460511359375 0.44871926249999994 0.4242329546875 0.486970628125 0.46786931875000004 0.486970628125 0.4824147734375 0.4651127046875
1 0.678778409375 0.1809597 0.67150568125 0.1481728140625 0.6496875 0.1481728140625 0.63150568125 0.1700307375 0.63150568125 0.2028176234375 0.678778409375 0.1809597
1 0.0496875 0.312107240625 0.035142045312499995 0.344894125 0.14786931875 0.3394296453125 0.0496875 0.312107240625
1 0.5660511359375 0.317571721875 0.5333238640625 0.2847848359375 0.5769602265625 0.2629269125 0.63150568125 0.2629269125 0.6460511359375001 0.2847848359375 0.6860511359375 0.273855875 0.6642329546875 0.2301400265625 0.5769602265625 0.224675546875 0.50786931875 0.273855875 0.49332386406250006 0.3285006828125 0.5660511359375 0.317571721875
1 0 0.7390625 0.0506605125 0.7390625 0.0642329546875 0.7274077875 0.07150568125 0.672762978125 0.0133238640625 0.667298496875 0 0.6725216796875 0 0.7390625
1 0.100596590625 0.5252219953124999 0.07150568125 0.5962602453125 0.11514204531250001 0.6071892078125 0.1260511359375 0.585331284375 0.180596590625 0.5689378421875 0.2024147734375 0.5197575140625 0.300596590625 0.492435109375 0.238778409375 0.4705771859375 0.1551420453125 0.481506146875 0.14786931875 0.5252219953124999 0.100596590625 0.5252219953124999
1 0.7 0.2793203546875 0.6351420453125 0.2793203546875 0.5333238640625 0.2957137984375 0.7 0.332240615625 0.7 0.2793203546875
1 0.7 0.351372059375 0.6169602265624999 0.492435109375 0.6642329546875 0.5088285515625001 0.7 0.4896327328125 0.7 0.351372059375