1 0 0.43388515156249996 0.0104408 0.43739326093750003 0.17710746718749998 0.42239326093749996 0.3120281015625 0.3523932609375 0.31972210156249997 0.2885346765625 0.2655745203125 0.21557351875 0.163526971875 0.169712271875 0.0635620875 0.20515056562499998 0 0.19322120625 0 0.43388515156249996
1 0.4390625 0.25729813749999997 0.4627083328125 0.23526785781249998 0.6360416671875 0.187648809375 0.629375 0.1697916671875 0.449375 0.11622023749999999 0.4390625 0.14384300625 0.4390625 0.25729813749999997
1 0.4390625 0.8155671296874999 0.4362942125 0.8155671296874999 0.4362942125 0.809394290625 0.4137861734375 0.809394290625 0.4137861734375 0.8155671296874999 0.404139871875 0.8155671296874999 0.404139871875 0.8340856484374999 0.4137861734375 0.8340856484374999 0.4137861734375 0.8402584875000001 0.42986334375 0.8402584875000001 0.42986334375 0.8464313265625 0.43307877812499995 0.8464313265625 0.43307877812499995 0.8402584875000001 0.4390625 0.8402584875000001 0.4390625 0.8155671296874999
1 0.3141077171875 0.8772955250000001 0.3108922828125 0.8772955250000001 0.3108922828125 0.889641203125 0.3173231515625 0.89581404375 0.3173231515625 0.9019868828125001 0.3301848875 0.9019868828125001 0.3301848875 0.9081597218749999 0.37198553125 0.9081597218749999 0.37198553125 0.9019868828125001 0.3784163984375 0.9019868828125001 0.3784163984375 0.889641203125 0.3752009640625 0.889641203125 0.3752009640625 0.8834683640625001 0.368770096875 0.8834683640625001 0.368770096875 0.8772955250000001 0.35912379375 0.8772955250000001 0.35912379375 0.8711226859375 0.3494774921875 0.8711226859375 0.3494774921875 0.8649498453125 0.3205385859375 0.8649498453125 0.3205385859375 0.8711226859375 0.3141077171875 0.8711226859375 0.3141077171875 0.8772955250000001
1 0.1694131828125 0.8711226859375 0.1661977484375 0.8711226859375 0.1661977484375 0.8834683640625001 0.1790594859375 0.8834683640625001 0.1790594859375 0.889641203125 0.220860128125 0.889641203125 0.220860128125 0.8834683640625001 0.2369372984375 0.8834683640625001 0.2369372984375 0.8772955250000001 0.2401527328125 0.8772955250000001 0.2401527328125 0.8649498453125 0.2369372984375 0.8649498453125 0.2369372984375 0.8587770062500001 0.23050643124999998 0.8587770062500001 0.23050643124999998 0.8526041671875 0.1790594859375 0.8526041671875 0.1790594859375 0.8587770062500001 0.1726286171875 0.8587770062500001 0.1694131828125 0.8711226859375
1 0.30124598125 0.7476658953124999 0.298030546875 0.7476658953124999 0.298030546875 0.7600115734374999 0.291599678125 0.7661844140625 0.291599678125 0.7785300921875 0.2787379421875 0.7847029328125 0.2787379421875 0.7908757718749999 0.269091640625 0.7908757718749999 0.269091640625 0.7970486109375 0.262660771875 0.7970486109375 0.262660771875 0.809394290625 0.26587620625 0.809394290625 0.26587620625 0.8155671296874999 0.2787379421875 0.8155671296874999 0.2787379421875 0.82173996875 0.3173231515625 0.82173996875 0.3173231515625 0.8155671296874999 0.3301848875 0.8155671296874999 0.3301848875 0.809394290625 0.33661575625 0.809394290625 0.33661575625 0.80322145 0.3494774921875 0.80322145 0.3494774921875 0.7970486109375 0.37198553125 0.7970486109375 0.37198553125 0.7908757718749999 0.3784163984375 0.7908757718749999 0.3784163984375 0.7847029328125 0.3816318328125 0.7847029328125 0.3816318328125 0.772357253125 0.3784163984375 0.772357253125 0.3784163984375 0.7661844140625 0.37198553125 0.7661844140625 0.368770096875 0.753838734375 0.362339228125 0.753838734375 0.362339228125 0.7476658953124999 0.3430466234375 0.7476658953124999 0.3430466234375 0.7414930562500001 0.33661575625 0.7414930562500001 0.33661575625 0.735320215625 0.3108922828125 0.735320215625 0.3108922828125 0.7414930562500001 0.30124598125 0.7414930562500001 0.30124598125 0.7476658953124999
1 0.79333195 0.9040643375 0.8025484296875 0.9065046328124999 0.8131375750000001 0.8950003765625001 0.8201970062499999 0.8765238406249999 0.8105883359374999 0.8636251265624999 0.793724140625 0.8601389875000001 0.7854881375 0.8678084937499999 0.7854881375 0.8751293859375 0.7764677531249999 0.8824502765625001 0.7792130875 0.8897711671874999 0.7796052781249999 0.903367109375 0.79333195 0.9040643375
1 0.8217657687500001 0.7597381921874999 0.8321588203125 0.7579951234375 0.840983109375 0.7464908640625 0.8362768218750001 0.7335921515625 0.824511103125 0.7311518546875 0.8192165296875 0.7262712609374999 0.8160790046875 0.7189503687500001 0.8107844312499999 0.7241795765625 0.8125492890625001 0.7342893796875 0.81000005 0.7423074984375 0.8109805265624999 0.7520686875 0.8217657687500001 0.7597381921874999
1 0.8003913812500001 0.7621784890625001 0.8039210953125 0.7524173015625 0.7966655703125 0.746839478125 0.789802234375 0.7492797765625 0.7896061390625 0.7579951234375 0.792155378125 0.7628757171875 0.8003913812500001 0.7621784890625001
1 0.7328125 0.9505859375 0.7376953125 0.959375 0.74453125 0.9583984375 0.750390625 0.9466796875 0.7484375 0.9369140625 0.7396484375 0.933984375 0.7328125 0.9505859375
1 0.781640625 0.9466796875 0.785546875 0.9330078125 0.7748046875 0.930078125 0.771875 0.9408203125 0.781640625 0.9466796875
1 0.766015625 0.8919921875 0.771875 0.8841796875 0.7650390625 0.87734375 0.75625 0.8861328125 0.766015625 0.8919921875
1 0.808984375 0.8548828125 0.816796875 0.8490234375 0.8060546875 0.848046875 0.803125 0.8529296875 0.808984375 0.8548828125
1 0.81484375 0.7 0.81484375 0.7181640625 0.820703125 0.7181640625 0.832421875 0.7064453125 0.831736203125 0.7 0.81484375 0.7