1 0 0.47012532656249995 0.015541507812499999 0.48072916718750003 0.0918773859375 0.4703125 0.12622853125 0.3713541671875 0.13386211875 0.2984375 0.065159828125 0.20989583281250002 0.068976621875 0.10052083281249999 0 0.06914605 0 0.47012532656249995
1 1 0.559375 1 0.5142939359375001 0.925497003125 0.47744221875 0.8972362437499999 0.48067503437500003 0.88696899375 0.5230178953125 0.9350133312499999 0.559375 1 0.559375
1 0.5376733140625001 0.49250858124999997 0.611442 0.454772309375 0.66537986875 0.41969811406249996 0.548370459375 0.446075540625 0.5376733140625001 0.49250858124999997
1 0.9060546875 0.466015625 0.8943359375 0.46796875 0.881640625 0.4943359375 0.88359375 0.5099609375 0.9177734375 0.5421875 0.944140625 0.5470703125 0.94609375 0.5373046875 0.96171875 0.5275390625 0.959765625 0.5041015625 0.9060546875 0.466015625
1 1 0.5288548515625 0.9880859375 0.520703125 0.9626953125 0.520703125 0.959765625 0.5041015625 0.9333984375 0.481640625 0.9177734375 0.477734375 0.9060546875 0.466015625 0.8943359375 0.46796875 0.881640625 0.4943359375 0.8875 0.5177734375 0.9197265625 0.544140625 0.94609375 0.5490234375 0.94609375 0.5431640625 0.9626953125 0.532421875 0.9900390625 0.540234375 1 0.5361328125 1 0.5288548515625
1 0.60625 0.4748046875 0.6091796875 0.48359375 0.6501953125 0.497265625 0.70390625 0.4982421875 0.7283203125 0.493359375 0.733203125 0.4865234375 0.6384765625 0.471875 0.60625 0.4748046875
1 1 0.47566406250000004 0.9958984375 0.469921875 0.9802734375 0.46796875 0.975390625 0.4728515625 0.9822265625 0.48359375 0.996875 0.4865234375 1 0.4787109375 1 0.47566406250000004
1 0.6853515625 0.42890625 0.6482421875 0.430859375 0.5828125 0.4513671875 0.5916015625 0.46015625 0.612109375 0.4591796875 0.6462890625 0.45625 0.6833984375 0.442578125 0.68828125 0.4337890625 0.6853515625 0.42890625
1 0.891403715625 0.433241659375 0.8704503812500001 0.43738940625 0.879491140625 0.455630903125 0.90083466875 0.45310245625 0.9212573421875 0.452349384375 0.912259503125 0.43655439375 0.891403715625 0.433241659375
1 0.8166233296875 0.493198634375 0.7960523828125 0.4922465640625 0.7955685453125 0.50089713125 0.8080000765625 0.5086970796875 0.8482796453125001 0.514155871875 0.8724988906250001 0.516563359375 0.8746488515624999 0.5055365203125 0.8496258093750001 0.49674158124999995 0.8166233296875 0.493198634375
1 0.925475321875 0.44037827968750004 0.9374269171874999 0.4476397625 0.9411961765625 0.43323775781249996 0.9220377265625 0.4280481984375 0.925475321875 0.44037827968750004
1 0.8492785375 0.4072938609375 0.8486347203125 0.4187928328125 0.8617100703125 0.4230576359375 0.878492246875 0.42566412187499997 0.8885748203125001 0.41359546875 0.8722920890625 0.41014616718749997 0.8492785375 0.4072938609375
1 0.7583558890625 0.404047459375 0.7729295781250001 0.41004081562500005 0.792587475 0.40868294687500006 0.794109225 0.40128879843750004 0.77227795625 0.3979175359375 0.7583558890625 0.404047459375
1 0.40711805625 0.5874421296875 0.3845486109375 0.5967013890625 0.3802083328125 0.62293595625 0.37413194375000003 0.6352816359375 0.3732638890625 0.6615162031249999 0.36371527812500004 0.676948303125 0.3697916671875 0.7047260796875 0.3671875 0.7232445984375 0.3671875 0.7494791671875001 0.3619791671875 0.775713734375 0.3671875 0.8081211421875001 0.37152777812500004 0.8281828703125 0.4123263890625 0.8451581796875001 0.4704861109375 0.8467013890625001 0.503472221875 0.8328125 0.503472221875 0.81429398125 0.48871527812500004 0.7803433640625 0.48784722187499996 0.757195215625 0.49565972187499996 0.746392746875 0.4939236109375 0.7232445984375 0.4869791671875 0.7047260796875 0.48524305625 0.6738618828125 0.4748263890625 0.6352816359375 0.4609375 0.6167631171875 0.4583333328125 0.6059606484375 0.43402777812500004 0.6059606484375 0.4279513890625 0.5936149687500001 0.40711805625 0.5874421296875