1 0.349540440625 0.2006334453125 0.3385110296875 0.17901182499999999 0.2907169125 0.17901182499999999 0.24659926406250002 0.22225506718750002 0.31277573593749997 0.22225506718750002 0.349540440625 0.2006334453125
1 0.23556985312499998 0.0817145265625 0.3017463234375 0.0276604734375 0.287040440625 0.0060388515625 0.2208639703125 0.0060388515625 0.173069853125 0.0438766890625 0.173069853125 0.076309121875 0.23556985312499998 0.0817145265625
1 0.173069853125 0.2006334453125 0.20615808750000003 0.1627956078125 0.18777573593750002 0.10333614843750001 0.084834559375 0.0925253375 0.05542279375 0.10333614843750001 0.0517463234375 0.1249577703125 0.173069853125 0.2006334453125
1 0.440439740625 0.55 0.43042279375000003 0.530363175 0.360569853125 0.519552365625 0.323805146875 0.47630912187499996 0.2907169125 0.47630912187499996 0.30542279375 0.514146959375 0.3507098546875 0.55 0.440439740625 0.55
1 0.5890625 0.2720339359375 0.5443933828125 0.2600929046875 0.5407169125 0.2006334453125 0.4818933828125 0.19522804062500002 0.4708639703125 0.21684966249999998 0.5149816171875 0.2600929046875 0.5002757359375 0.2871199328125 0.5039522062499999 0.37901182499999997 0.47821691250000004 0.433065878125 0.4818933828125 0.46549831093750005 0.5627757359375 0.5087415546875 0.5890625 0.5087415546875 0.5890625 0.39090371562500004 0.5885110296875 0.38982263437500003 0.5890625 0.389372184375 0.5890625 0.2720339359375
1 0 0.4063498765625 0.136305146875 0.4222550671875 0.1657169125 0.4060388515625 0.1546875 0.33576858125000003 0.0921875 0.3033361484375 0.007628676562500001 0.2925253375 0 0.2964840015625 0 0.4063498765625
1 0.98211805625 0.2159529328125 0.9951388890625001 0.20052083281250002 0.9517361109374999 0.16657021562500002 0.9404513890625001 0.195891203125 0.8953125 0.2082368828125 0.87881944375 0.25916280937499997 0.84930555625 0.2560763890625 0.82586805625 0.3070023140625 0.8432291671875 0.36873070937499997 0.91006944375 0.35947144999999997 0.945659721875 0.387249228125 0.9595486109374999 0.3625578703125 0.9795138890625001 0.3517554015625 0.984722221875 0.320891203125 0.977777778125 0.251446759375 0.98211805625 0.2159529328125
1 0.6869791671875001 0.38416280937499997 0.77118055625 0.38416280937499997 0.813715278125 0.37490355000000003 0.8388888890625001 0.2468171296875 0.836284721875 0.22366898124999998 0.813715278125 0.20052083281250002 0.7234375 0.222125771875 0.703472221875 0.25916280937499997 0.6869791671875001 0.38416280937499997
2 0.3547077046875 0.55 0.3771484375 0.56328125 0.5255859375 0.674609375 0.5431640625 0.68046875 0.5890625 0.7140099156249999 0.5890625 0.6280000578125 0.443747325 0.55 0.3547077046875 0.55
1 0.1705409875 0.55 0.1759000734375 0.5525543984375 0.258984375 0.5681640625 0.2896414203125 0.5677604859375001 0.288996215625 0.55 0.1705409875 0.55
1 0.6021769203125 1 0.65243055625 0.9893325624999999 0.670659721875 0.993962190625 0.7001736109375 0.9677276234375001 0.6810763890625 0.9353202156249999 0.6654513890625 0.9276041671874999 0.6697916671875 0.9106288578124999 0.6454861109375 0.887480709375 0.61336805625 0.8797646609375 0.5890625 0.891036803125 0.5890625 0.9991757390625 0.5907779953125 1 0.6021769203125 1