1 0.3890625 0 0 0 0 0.0192964484375 0.0103977265625 0.03700478125 0.0903977265625 0.091649590625 0.22130681874999997 0.1135075140625 0.26130681875 0.091649590625 0.36312500000000003 0.091649590625 0.3890625 0.07216103125 0.3890625 0
1 0.92325 0.10800000000000001 0.9459166671875 0.098 0.9405833328125001 0.086 0.9125833328125001 0.08399999999999999 0.9005833328125 0.09 0.9019166671875001 0.10200000000000001 0.92325 0.10800000000000001
1 0.50925 0 0.51125 0.004 0.5339166671875 0.014000000000000002 0.5485833328125 0.01 0.5530277781249999 0 0.50925 0
1 1 0.2483303578125 0.9885833328124999 0.252 0.9859166671875 0.262 1 0.2708020828125 1 0.2483303578125
1 0.8179166671874999 0.11200000000000002 0.8365833328125 0.10200000000000001 0.8245833328125001 0.086 0.7965833328125 0.086 0.7725833328125 0.09 0.7725833328125 0.096 0.8179166671874999 0.11200000000000002
1 0.6832499999999999 0.10400000000000001 0.6992499999999999 0.086 0.6859166671875 0.076 0.6405833328125 0.076 0.6379166671875 0.088 0.6672499999999999 0.10400000000000001 0.6832499999999999 0.10400000000000001
1 0.75525 0.274 0.73925 0.25 0.70325 0.238 0.6965833328125 0.256 0.7045833328125 0.272 0.75525 0.274
1 0.4685833328125 0.13 0.49924999999999997 0.144 0.5459166671875 0.144 0.53525 0.126 0.48591666718750004 0.12 0.4805833328125 0.098 0.47125000000000006 0.086 0.43525 0.08199999999999999 0.4299166671875 0.092 0.45525000000000004 0.098 0.4685833328125 0.13
1 0.6419166671875 0.356 0.6685833328124999 0.35 0.6779166671875 0.33799999999999997 0.6765833328124999 0.32599999999999996 0.6619166671875 0.31 0.6179166671875 0.3 0.57925 0.308 0.57125 0.32 0.6419166671875 0.356
1 0 0.3890625 0 0.58989473125 0.031597221875 0.600212190625 0.09322916718749999 0.600212190625 0.10538194375000001 0.5847800921874999 0.0880208328125 0.54002700625 0.090625 0.5122492281250001 0.1010416671875 0.50298996875 0.094965278125 0.48447145 0.087152778125 0.47675540156250007 0.0888888890625 0.4474344140625 0.0732638890625 0.3918788578125 0.0707291671875 0.3890625 0 0.3890625
1 0.70555555625 0.76705246875 0.8201388890625001 0.8118055562500001 0.903472221875 0.8318672843750001 0.9225694437499999 0.784027778125 0.895659721875 0.7408179015625 0.8348958328125 0.6605709875000001 0.778472221875 0.6065586421875 0.7194444437499999 0.6019290125 0.69774305625 0.662114196875 0.6630208328125 0.67137345625 0.6326388890625 0.7145833328125001 0.6387152781250001 0.7269290125 0.6682291671874999 0.7593364203125 0.70555555625 0.76705246875