1 0.7967741937499999 0.8527607359375 0.79032258125 0.8527607359375 0.7870967734375001 0.8404907968750001 0.7741935484375 0.8404907968750001 0.7741935484375 0.8343558281250001 0.7645161296875 0.8343558281250001 0.7645161296875 0.8282208593749999 0.745161290625 0.8282208593749999 0.745161290625 0.8220858890624999 0.7032258062500001 0.8220858890624999 0.7032258062500001 0.8282208593749999 0.6838709671875 0.8343558281250001 0.6741935484375 0.8527607359375 0.6741935484375 0.8895705515625 0.69032258125 0.9202453984375 0.6935483875 0.9386503062499999 0.70967741875 0.9447852765625001 0.70967741875 0.9509202453125001 0.7290322578125 0.9509202453125001 0.7290322578125 0.9570552140625 0.7354838703125 0.9570552140625 0.7354838703125 0.9509202453125001 0.745161290625 0.9509202453125001 0.745161290625 0.9447852765625001 0.7516129031250001 0.9447852765625001 0.7516129031250001 0.9386503062499999 0.758064515625 0.9386503062499999 0.758064515625 0.9325153374999999 0.7645161296875 0.9325153374999999 0.7645161296875 0.92638036875 0.7709677421875 0.92638036875 0.7709677421875 0.9202453984375 0.7774193546875 0.9202453984375 0.7838709671874999 0.907975459375 0.7935483875 0.907975459375 0.7935483875 0.9018404906249999 0.8193548390625001 0.9018404906249999 0.8193548390625001 0.907975459375 0.8258064515625 0.907975459375 0.8258064515625 0.9018404906249999 0.848387096875 0.9018404906249999 0.848387096875 0.895705521875 0.8129032265625 0.895705521875 0.8129032265625 0.8895705515625 0.8064516125000001 0.8895705515625 0.8032258062500001 0.8650306750000001 0.7967741937499999 0.8527607359375
1 0.50322580625 0.53374233125 0.49032258124999994 0.53374233125 0.49032258124999994 0.5276073625000001 0.4645161296875 0.5276073625000001 0.4645161296875 0.5214723921875 0.451612903125 0.5214723921875 0.451612903125 0.5153374234375 0.43870967812500006 0.5153374234375 0.43870967812500006 0.5092024546875 0.39032258125 0.5092024546875 0.39032258125 0.5153374234375 0.37419354843749997 0.5153374234375 0.37419354843749997 0.5214723921875 0.361290321875 0.5276073625000001 0.358064515625 0.5582822078125 0.361290321875 0.5582822078125 0.3645161296875 0.5766871171875 0.3709677421875 0.5766871171875 0.3709677421875 0.5889570546875 0.3774193546875 0.5889570546875 0.3774193546875 0.595092025 0.38709677343750004 0.60122699375 0.38709677343750004 0.6073619625 0.4 0.6073619625 0.4 0.6134969328125 0.44193548437499997 0.6134969328125 0.44193548437499997 0.6196319015625 0.49032258124999994 0.6196319015625 0.49032258124999994 0.6134969328125 0.5 0.6134969328125 0.5 0.6073619625 0.5064516125 0.6073619625 0.5064516125 0.60122699375 0.5161290328125 0.60122699375 0.5161290328125 0.595092025 0.5290322578125 0.5766871171875 0.5290322578125 0.5582822078125 0.5258064515624999 0.5582822078125 0.5225806453125 0.5460122703125 0.5161290328125 0.5460122703125 0.5161290328125 0.5398773 0.50322580625 0.5398773 0.50322580625 0.53374233125
1 0.5078125 0.5908203125 0.4345703125 0.556640625 0.4248046875 0.556640625 0.38671875 0.5791015625 0.3896484375 0.58984375 0.4150390625 0.603515625 0.466796875 0.6044921875 0.5029296875 0.6015625 0.5078125 0.5908203125
1 0.216796875 0.4912109375 0.1982421875 0.490234375 0.1953125 0.5126953125 0.208984375 0.5166015625 0.216796875 0.5068359375 0.216796875 0.4912109375
1 0.1123046875 0.330078125 0.107421875 0.3427734375 0.123046875 0.3447265625 0.126953125 0.3330078125 0.1123046875 0.330078125
1 0.04296875 0.2548828125 0.0458984375 0.271484375 0.064453125 0.2705078125 0.0634765625 0.251953125 0.04296875 0.2548828125
1 0.0234375 0.2353515625 0.0283203125 0.248046875 0.04296875 0.2509765625 0.0439453125 0.232421875 0.0234375 0.2353515625
1 0.0078125 0.2158203125 0.0107421875 0.22265625 0.0234375 0.2216796875 0.0244140625 0.208984375 0.0078125 0.2158203125
1 0.4531758625 0.8153177890625001 0.40298461874999997 0.7353515625 0.39214070625 0.64959716875 0.3148701984375 0.5757954921875 0.2228800453125 0.5591939296875 0.18022664375 0.533447265625 0.1103515625 0.5701904296875 0.09559122656249999 0.6742248531249999 0.09559122656249999 0.7987264 0.1092936203125 0.9657185875 0.14478556250000002 0.99838256875 0.4713541671875 0.9895833328125001 0.4247233078125 0.8923645015625 0.4531758625 0.8153177890625001
1 0.7521769203125 0.6651916499999999 0.754821778125 0.6089680984375 0.7159728999999999 0.57958984375 0.658935546875 0.582865396875 0.691599528125 0.6266784671875001 0.75 0.6588541671875 0.7521769203125 0.6651916499999999
1 0.589345296875 0.4340108234375 0.551310221875 0.42702229843749995 0.5197957359375 0.43881225625000003 0.49622599218749996 0.4611206046875 0.5353800453125 0.47676595 0.571329753125 0.45455932656250003 0.589345296875 0.4340108234375