1 0.378125 0.4578125 0.3296875 0.4234375 0.3234375 0.4 0.290625 0.38125 0.2734375 0.3609375 0.225 0.340625 0.1625 0.33125 0.134375 0.3359375 0.115625 0.3515625 0.1203125 0.3734375 0.1359375 0.3921875 0.2203125 0.3953125 0.2703125 0.4203125 0.309375 0.4515625 0.325 0.453125 0.3359375 0.4625 0.3328125 0.4828125 0.35625 0.48125 0.3546875 0.4734375 0.3671875 0.4703125 0.384375 0.4734375 0.378125 0.4578125
1 0.1595674640625 0.5141175890625 0.199893609375 0.554443734375 0.29038154375 0.5859177984375 0.3109375 0.5203125 0.2953125 0.5046875 0.2296875 0.4828125 0.203125 0.465625 0.1359375 0.4515625 0.0859375 0.4546875 0.0671875 0.4625 0.0917015125 0.5003476859375 0.1595674640625 0.5141175890625
1 0.11428571406250002 0.6390625 0.14375 0.6296875 0.1375 0.6171875 0.1109375 0.6109375 0.121875 0.6 0.09375 0.584375 0.065625 0.5421875 0.0234375 0.51875 0.003125 0.4984375 0 0.4969791671875 0 0.5913909312500001 0.0484375 0.6046875 0.05625 0.6109375 0.053125 0.625 0.0359375 0.6265625 0.034375 0.63125 0.0515625 0.6375 0.08046875 0.6390625 0.11428571406250002 0.6390625
1 0.32265625 0.3974609375 0.2533203125 0.34765625 0.1712890625 0.330078125 0.1361328125 0.341796875 0.1234375 0.3544921875 0.125390625 0.3720703125 0.1458984375 0.388671875 0.2455078125 0.404296875 0.269921875 0.4248046875 0.269921875 0.4462890625 0.2767578125 0.455078125 0.359765625 0.4599609375 0.367578125 0.4541015625 0.365625 0.4462890625 0.328515625 0.4189453125 0.32265625 0.3974609375
1 0.391015625 0.4892578125 0.3978515625 0.509765625 0.428125 0.5087890625 0.449609375 0.4951171875 0.4427734375 0.478515625 0.4115234375 0.478515625 0.391015625 0.4892578125
1 0.3421875 0.5869140625 0.3548828125 0.595703125 0.383203125 0.5947265625 0.3822265625 0.5859375 0.3685546875 0.58203125 0.3470703125 0.58203125 0.3421875 0.5869140625
1 0.1302734375 0.587890625 0.156640625 0.5869140625 0.18203125 0.5712890625 0.1556640625 0.564453125 0.121484375 0.5771484375 0.1302734375 0.587890625
1 0.4796875 0.6351953124999999 0.4671875 0.6376953125 0.4796875 0.6387369796875 0.4796875 0.6351953124999999
1 0.7388863640625 0 0.6020454546874999 0.06854508125 0.5438636359375 0.117725409375 0.4796875 0.2053977265625 0.4796875 0.5602648343750001 0.5620454546875 0.5548838796875 0.5838636359375 0.5384904374999999 0.5802272734375 0.5002390703125 0.656590909375 0.478381146875 0.6929545453125 0.35816256874999997 0.7620454546875 0.31991120156249997 0.7765909093750001 0.25433743125 0.7474999999999999 0.2816598359375 0.6675 0.28712431718750003 0.64568181875 0.34723360625 0.5620454546875 0.35816256874999997 0.5147727265625 0.31991120156249997 0.56568181875 0.25433743125 0.6202272734375 0.24887295156250003 0.6747727265625001 0.1942281421875 0.8056818187499999 0.18876366093750002 0.8420454546875 0.1013319671875 0.8394519234375 0 0.7388863640625 0
1 0 0.8280178140625001 0.04756944375 0.8434606484374999 0.0927083328125 0.8712384265625 0.11614583281249999 0.8434606484374999 0.115277778125 0.7940779328125 0.0623263890625 0.73543595625 0.02586805625 0.6922260796875 0 0.670231984375 0 0.8280178140625001
1 0.4796875 1 1 1 1 0.978445709375 0.96875 0.9688244046874999 0.7920833328125 0.8557291671874999 0.5854166671875001 0.8081101187499999 0.4796875 0.756976221875 0.4796875 1