1 0.0447115390625 0.3612980765625 0.0735576921875 0.3925480765625 0.11923076875000001 0.4165865390625 0.18653846093749998 0.4237980765625 0.25865384687500004 0.4165865390625 0.2947115390625 0.4021634609375 0.32115384687500004 0.375721153125 0.3259615390625 0.3300480765625 0.309134615625 0.29399038437499997 0.27548076875 0.274759615625 0.152884615625 0.2483173078125 0.097596153125 0.29639423125 0.054326923437499994 0.318028846875 0.0447115390625 0.3612980765625
1 0.35480769218749997 0.253125 0.4173076921875 0.2603365390625 0.44375 0.2603365390625 0.47259615312500003 0.2459134609375 0.477403846875 0.23149038437499997 0.465384615625 0.21947115312499998 0.42211538437499996 0.19543269218749998 0.38365384687500004 0.190625 0.340384615625 0.20504807656250001 0.3259615390625 0.23389423125 0.35480769218749997 0.253125
1 0.5890625 0.29944607031250003 0.5375 0.3084134609375 0.5254807687499999 0.318028846875 0.5254807687499999 0.3420673078125 0.5890625 0.3703258546875 0.5890625 0.29944607031250003
1 0.06858974375 0 0.0951923078125 0.019951923437499998 0.18894230781250002 0.024759615625000002 0.21057692343749998 0.015144231250000001 0.21057692343749998 0 0.06858974375 0
1 0.24774038437499998 0 0.24663461562500003 0.005528846875 0.2826923078125 0.031971153125 0.39086538437499996 0.0415865390625 0.4293269234375 0.0295673078125 0.42451923125 0.003125 0.41951923124999996 0 0.24774038437499998 0
1 0.3980769234375 0.128125 0.465384615625 0.130528846875 0.496634615625 0.099278846875 0.4894230765625 0.08245192343749999 0.46298076874999994 0.07283653906250001 0.3884615390625 0.0704326921875 0.3668269234375 0.07764423125 0.35480769218749997 0.096875 0.3980769234375 0.128125
1 0.9429166671875 0.44940476250000005 0.9395833328125001 0.44940476250000005 0.9395833328125001 0.4672619046875 0.94625 0.47321428593750003 0.94625 0.4791666671875 0.9529166671875 0.4791666671875 0.9529166671875 0.48511904687499996 0.9629166671875 0.48511904687499996 0.9629166671875 0.491071428125 0.9695833328125 0.491071428125 0.9695833328125 0.48511904687499996 0.9829166671875 0.48511904687499996 0.9829166671875 0.47321428593750003 0.9862500000000001 0.47321428593750003 0.9862500000000001 0.44345238125 0.97625 0.44345238125 0.97625 0.4375 0.9529166671875 0.4375 0.9529166671875 0.44345238125 0.9429166671875 0.44345238125 0.9429166671875 0.44940476250000005
1 0.6029166671875 0.27678571406249997 0.5995833328125 0.27678571406249997 0.5995833328125 0.3125 0.60625 0.31845238125 0.60625 0.3244047625 0.6329166671875 0.3244047625 0.6329166671875 0.3125 0.63625 0.3125 0.63625 0.2827380953125 0.6329166671875 0.2827380953125 0.6329166671875 0.2708333328125 0.62625 0.264880953125 0.62625 0.25892857187499996 0.6195833328125 0.25892857187499996 0.6195833328125 0.264880953125 0.60625 0.264880953125 0.6029166671875 0.27678571406249997
1 0.7795833328125 0.1994047625 0.7729166671875001 0.1994047625 0.7729166671875001 0.2053571421875 0.7695833328124999 0.2053571421875 0.7695833328124999 0.2232142859375 0.7629166671875 0.2232142859375 0.7629166671875 0.22916666718749998 0.7495833328125 0.22916666718749998 0.7495833328125 0.2232142859375 0.7129166671875 0.2232142859375 0.7095833328125 0.23511904687500002 0.7162499999999999 0.24107142812500001 0.7162499999999999 0.247023809375 0.7229166671875 0.247023809375 0.7229166671875 0.252976190625 0.7495833328125 0.252976190625 0.7495833328125 0.247023809375 0.7595833328125 0.247023809375 0.7629166671875 0.23511904687500002 0.7695833328124999 0.23511904687500002 0.7695833328124999 0.22916666718749998 0.7829166671875 0.22916666718749998 0.7829166671875 0.2232142859375 0.7929166671875001 0.2232142859375 0.7929166671875001 0.2172619046875 0.80625 0.21130952343749998 0.8095833328125 0.1994047625 0.8129166671875 0.1994047625 0.8095833328125 0.1875 0.78625 0.1875 0.78625 0.19345238125 0.7795833328125 0.19345238125 0.7795833328125 0.1994047625
1 0.8795833328124999 0.3541666671875 0.87625 0.3541666671875 0.87625 0.36607142812500004 0.8795833328124999 0.36607142812500004 0.8795833328124999 0.372023809375 0.8895833328125 0.372023809375 0.8895833328125 0.377976190625 0.9029166671875 0.377976190625 0.9029166671875 0.38392857187499996 0.9129166671875 0.38392857187499996 0.9129166671875 0.377976190625 0.9262499999999999 0.377976190625 0.9262499999999999 0.38392857187499996 0.9695833328125 0.38392857187499996 0.9695833328125 0.377976190625 0.9829166671875 0.377976190625 0.9829166671875 0.372023809375 0.9895833328125001 0.372023809375 0.9895833328125001 0.36607142812500004 0.9962500000000001 0.36607142812500004 0.9962500000000001 0.3541666671875 0.9929166671874998 0.3541666671875 0.9929166671874998 0.34821428593750003 0.9795833328124999 0.34821428593750003 0.9795833328124999 0.3422619046875 0.8862500000000001 0.3422619046875 0.8862500000000001 0.34821428593750003 0.8795833328124999 0.34821428593750003 0.8795833328124999 0.3541666671875
1 0.7629166671875 0.056547618749999994 0.7595833328125 0.056547618749999994 0.7595833328125 0.06845238125 0.75625 0.06845238125 0.75625 0.0744047625 0.7429166671875 0.0803571421875 0.7429166671875 0.08630952343750001 0.7329166671875 0.08630952343750001 0.7329166671875 0.0922619046875 0.7262500000000001 0.0922619046875 0.7262500000000001 0.0982142859375 0.7162499999999999 0.0982142859375 0.7162499999999999 0.1041666671875 0.7095833328125 0.1041666671875 0.7095833328125 0.110119046875 0.7029166671875 0.110119046875 0.7029166671875 0.116071428125 0.69625 0.116071428125 0.69625 0.110119046875 0.67625 0.110119046875 0.67625 0.116071428125 0.66625 0.116071428125 0.66625 0.12202380937499999 0.7695833328124999 0.12202380937499999 0.7695833328124999 0.116071428125 0.7829166671875 0.116071428125 0.7829166671875 0.110119046875 0.7895833328125 0.110119046875 0.79625 0.0922619046875 0.7995833328125 0.0922619046875 0.7995833328125 0.08630952343750001 0.8029166671875 0.08630952343750001 0.8029166671875 0.0803571421875 0.80625 0.0803571421875 0.80625 0.0744047625 0.8095833328125 0.0744047625 0.8095833328125 0.0625 0.8129166671875 0.0625 0.8129166671875 0.056547618749999994 0.8095833328125 0.056547618749999994 0.8095833328125 0.0446428578125 0.7995833328125 0.0446428578125 0.7995833328125 0.0386904765625 0.77625 0.0386904765625 0.77625 0.0446428578125 0.76625 0.0446428578125 0.7629166671875 0.056547618749999994
1 0.5890625 0.3363095234375 0.6429166671875001 0.3363095234375 0.6429166671875001 0.3303571421875 0.68625 0.3303571421875 0.68625 0.3244047625 0.6895833328125 0.3244047625 0.6895833328125 0.3125 0.68625 0.3125 0.68625 0.30654761875 0.6729166671875 0.3005952375 0.66625 0.2827380953125 0.6529166671875 0.27678571406249997 0.6529166671875 0.2708333328125 0.64625 0.2708333328125 0.64625 0.264880953125 0.6395833328125 0.264880953125 0.6395833328125 0.25892857187499996 0.6295833328125 0.25892857187499996 0.6295833328125 0.252976190625 0.5995833328125 0.252976190625 0.5995833328125 0.25892857187499996 0.5890625 0.25892857187499996 0.5890625 0.3363095234375