1 0.352103365625 0.5 0.3858173078125 0.4775240390625 0.44831730781249995 0.4631009609375 0.48197115312500005 0.4342548078125 0.4771634609375 0.4150240390625 0.400240384375 0.378966346875 0.3834134609375 0.378966346875 0.368990384375 0.3621394234375 0.2295673078125 0.33329326875 0.19110576875000002 0.347716346875 0.1959134609375 0.4030048078125 0.21514423124999998 0.42944711562500004 0.2584134609375 0.4462740390625 0.294471153125 0.4943509609375 0.33778045 0.5 0.352103365625 0.5
1 0.2841796875 0.16171875 0.2705078125 0.1734375 0.228515625 0.1841796875 0.2392578125 0.19296875 0.310546875 0.2037109375 0.3916015625 0.19296875 0.392578125 0.1880859375 0.3056640625 0.159765625 0.2841796875 0.16171875
1 0.361328125 0.1587890625 0.3798828125 0.171484375 0.4287109375 0.191015625 0.47265625 0.1919921875 0.474609375 0.1822265625 0.4619140625 0.171484375 0.359375 0.1392578125 0.361328125 0.1587890625
1 0.1787109375 0.07578125 0.1611328125 0.06796875 0.1396484375 0.0484375 0.1142578125 0.046484375 0.095703125 0.0630859375 0.095703125 0.0845703125 0.1025390625 0.0953125 0.1220703125 0.0953125 0.1298828125 0.101171875 0.17578125 0.1001953125 0.2041015625 0.0953125 0.208984375 0.0884765625 0.1904296875 0.071875 0.1787109375 0.07578125
1 0.2216796875 0.269140625 0.19921875 0.2955078125 0.1953125 0.3150390625 0.2060546875 0.321875 0.2265625 0.3208984375 0.244140625 0.3130859375 0.248046875 0.2935546875 0.2373046875 0.27109375 0.2216796875 0.269140625
1 0.1181640625 0.323828125 0.0419921875 0.319921875 0.033203125 0.3443359375 0.0419921875 0.353125 0.052734375 0.3541015625 0.1240234375 0.3453125 0.13671875 0.3326171875 0.1328125 0.3150390625 0.1181640625 0.323828125
1 0.4716796875 0.316015625 0.498046875 0.3169921875 0.4873046875 0.300390625 0.4755859375 0.296484375 0.466796875 0.3013671875 0.4716796875 0.316015625
1 0.302734375 0.2447265625 0.30859375 0.2583984375 0.3310546875 0.275 0.34765625 0.2740234375 0.349609375 0.2681640625 0.3349609375 0.245703125 0.3173828125 0.237890625 0.302734375 0.2447265625
1 0.091796875 0.4107421875 0.1015625 0.4107421875 0.111328125 0.4087890625 0.1103515625 0.394140625 0.091796875 0.3970703125 0.091796875 0.4107421875
1 0.1318359375 0.46640625 0.142578125 0.4654296875 0.142578125 0.4556640625 0.1357421875 0.45078125 0.126953125 0.4556640625 0.1318359375 0.46640625
1 0.1455078125 0.019140625 0.16796875 0.0220703125 0.173828125 0.0181640625 0.1708984375 0.009375 0.140625 0.0083984375 0.1455078125 0.019140625
1 0.0537109375 0.071875 0.052734375 0.0884765625 0.068359375 0.0904296875 0.0810546875 0.0875 0.08203125 0.0767578125 0.0771484375 0.071875 0.0537109375 0.071875
1 0 0.0864403265625 0.021484375 0.0923828125 0.03125 0.0865234375 0.0283203125 0.06796875 0 0.0684487546875 0 0.0864403265625
1 0.7334496046875 0.5 0.816535978125 0.4875840046875 0.8054658671875 0.4660786296875 0.6431042437500001 0.455325940625 0.6098939109375 0.4660786296875 0.6062038750000001 0.4875840046875 0.64455143125 0.5 0.7334496046875 0.5
1 0.259061471875 0.5 0.256597221875 0.5166473765624999 0.25486111093749997 0.5444251546875 0.2427083328125 0.567573303125 0.2479166671875 0.5860918203125001 0.2479166671875 0.6215856484375 0.2435763890625 0.6694251546875 0.2609375 0.692573303125 0.303472221875 0.706462190625 0.3651041671875 0.706462190625 0.37725694375 0.6910300921875 0.35989583281250004 0.64627700625 0.3625 0.618499228125 0.3729166671875 0.6092399687500001 0.36684027812500003 0.59072145 0.35902777812500003 0.5830054015625 0.3607638890625 0.5536844140625 0.3456651484375 0.5 0.259061471875 0.5