1 0.5552884609375 0.6298076921875 0.5552884609375 0.622596153125 0.54326923125 0.622596153125 0.48798076874999996 0.646634615625 0.4759615390625 0.6322115390625 0.478365384375 0.6009615390625 0.45673076874999996 0.5889423078125 0.41826923125000004 0.5865384609375 0.3197115390625 0.591346153125 0.2980769234375 0.6081730765625 0.20432692343749997 0.61298076875 0.177884615625 0.627403846875 0.17548076875000002 0.646634615625 0.20432692343749997 0.6730769234375 0.302884615625 0.6875 0.3581730765625 0.67548076875 0.40144230781249995 0.6490384609375 0.4230769234375 0.6490384609375 0.4302884609375 0.6634615390625 0.46634615312500005 0.6634615390625 0.5552884609375 0.6298076921875
1 0.773221115625 0.3260868609375 0.7427884609375 0.3076923078125 0.6802884609375 0.3076923078125 0.5985576921875 0.32451923125 0.5985576921875 0.353365384375 0.625 0.3701923078125 0.685096153125 0.375 0.697115384375 0.375 0.6923076921875 0.365384615625 0.70673076875 0.3605769234375 0.709134615625 0.375 0.7235576921875 0.3798076921875 0.841346153125 0.372596153125 0.8365384609375001 0.334134615625 0.8221153843750001 0.3269230765625 0.773221115625 0.3260868609375
1 0.6640625 0.6318359375 0.6533203125 0.625 0.6044921875 0.62109375 0.564453125 0.6357421875 0.5751953125 0.65234375 0.650390625 0.6552734375 0.669921875 0.6474609375 0.6640625 0.6318359375
1 0.21484375 0.9150390625 0.1650390625 0.9140625 0.162109375 0.9228515625 0.171875 0.9287109375 0.1748046875 0.939453125 0.1796875 0.9384765625 0.2119140625 0.923828125 0.21484375 0.9150390625
1 0.17578125 0.8896484375 0.1728515625 0.875 0.1494140625 0.873046875 0.115234375 0.8798828125 0.107421875 0.8935546875 0.109375 0.9052734375 0.1220703125 0.91796875 0.142578125 0.9228515625 0.162109375 0.9150390625 0.17578125 0.8896484375
1 0.2197265625 0.798828125 0.1708984375 0.80078125 0.15625 0.8115234375 0.1669921875 0.828125 0.1806640625 0.8359375 0.197265625 0.8349609375 0.22265625 0.8193359375 0.2197265625 0.798828125
1 0.19140625 0.4736328125 0.1611328125 0.474609375 0.15234375 0.4912109375 0.162109375 0.4951171875 0.1904296875 0.482421875 0.19140625 0.4736328125
1 0.40234375 0.4599609375 0.40234375 0.4521484375 0.3837890625 0.4453125 0.337890625 0.4638671875 0.3408203125 0.47265625 0.3671875 0.4716796875 0.3876953125 0.470703125 0.40234375 0.4599609375
1 0.7998046875 0.244140625 0.7783203125 0.244140625 0.771484375 0.2509765625 0.7763671875 0.2578125 0.794921875 0.2568359375 0.80078125 0.2529296875 0.7998046875 0.244140625
1 0.38671875 0.9091796875 0.3798828125 0.888671875 0.3388671875 0.890625 0.3115234375 0.908203125 0.2919921875 0.935546875 0.232421875 0.9677734375 0.2392578125 0.974609375 0.2587890625 0.9765625 0.2705078125 0.98828125 0.287109375 0.9873046875 0.37890625 0.9228515625 0.38671875 0.9091796875
1 0.9599609375 0.55859375 0.91015625 0.5673828125 0.9130859375 0.57421875 0.962890625 0.5771484375 0.98046875 0.5673828125 0.9599609375 0.55859375
1 0.9267578125 0.263671875 0.916015625 0.2626953125 0.9111328125 0.24609375 0.869140625 0.2509765625 0.865234375 0.2666015625 0.8720703125 0.275390625 0.90234375 0.2783203125 0.9296875 0.2705078125 0.9267578125 0.263671875
1 0.919921875 0.2021484375 0.8955078125 0.19921875 0.876953125 0.2060546875 0.8798828125 0.21484375 0.89453125 0.2158203125 0.9150390625 0.212890625 0.919921875 0.2021484375
1 0.561533609375 0.3179016109375 0.47765096093750004 0.3421630859375 0.48146565781249995 0.37791951562500004 0.52022298125 0.37926228906250004 0.578125 0.3515625 0.561533609375 0.3179016109375
1 0.6994730625 0.7075805671875 0.574951171875 0.7376810703125 0.5425923671875 0.7757568359375 0.5617268875 0.817138671875 0.644337971875 0.77875773125 0.7057291671875 0.7291666671875 0.6994730625 0.7075805671875
1 0.6688537593749999 0.677744546875 0.561075846875 0.6542460125 0.5057678218749999 0.696146646875 0.5514424640625 0.710388184375 0.6510416671875 0.7057291671875 0.6688537593749999 0.677744546875
1 0.42105102499999997 0.0847473140625 0.381978353125 0.09676106718750001 0.386189778125 0.1201883953125 0.4187723796875 0.1145833328125 0.4635416671875 0.09375 0.42105102499999997 0.0847473140625