1 0.3 0.283418175 0.29663461562500004 0.2826923078125 0.241346153125 0.33076923125 0.1980769234375 0.35240384687500004 0.18846153906250002 0.3956730765625 0.21730769218749998 0.4269230765625 0.26298076875 0.4509615390625 0.3 0.454927884375 0.3 0.283418175
1 0.3 0 0.21378205156250002 0 0.1980769234375 0.0134615390625 0.20048076875 0.02548076875 0.2389423078125 0.054326923437499994 0.3 0.0574580875 0.3 0
1 0.5164454640624999 0.0740818296875 0.5820825296875001 0.099855025 0.6786076249999999 0.105009665625 0.8098817562499999 0.0586179125 0.7828547296874999 0.0070715203125 0.6940516406249999 0.0070715203125 0.5511944984375 0.0276900765625 0.5164454640624999 0.0534632734375 0.5164454640624999 0.0740818296875
1 0.3 0.4150740984375 0.3040902515625 0.4194426546875 0.7133566609375 0.45037048906250005 0.7481056953125 0.4761436859375 0.8446307921875 0.46067976875000005 0.8716578187499999 0.43490657187500004 0.8986848453124999 0.34727770625 0.8948238421875001 0.31119523125000004 0.8484917953124999 0.2390302828125 0.744244690625 0.166865334375 0.6438585906250001 0.18232925312499998 0.427642375 0.3060405921875 0.34656129375 0.290576675 0.3 0.2943440515625 0.3 0.4150740984375
1 0.7012622000000001 0.660585678125 0.68324418125 0.6539631625 0.68324418125 0.6473406453124999 0.6742351734375001 0.6473406453124999 0.6742351734375001 0.6407181296875 0.6652261640624999 0.6407181296875 0.6652261640624999 0.6340956125 0.6381991359375 0.6340956125 0.6381991359375 0.6407181296875 0.623184121875 0.6407181296875 0.623184121875 0.6473406453124999 0.617178115625 0.6473406453124999 0.617178115625 0.6539631625 0.611172109375 0.6539631625 0.611172109375 0.6672081953125 0.617178115625 0.6738307125 0.617178115625 0.680453228125 0.6261871250000001 0.680453228125 0.6261871250000001 0.6870757453125 0.6381991359375 0.6870757453125 0.6381991359375 0.6936982609375 0.7012622000000001 0.6936982609375 0.7012622000000001 0.680453228125 0.7042652031250001 0.680453228125 0.7042652031250001 0.6672081953125 0.7012622000000001 0.6672081953125 0.7012622000000001 0.660585678125
1 0.8213823203124999 1 0.8213823203124999 0.9917115062499999 0.8183793171874999 0.9917115062499999 0.8183793171874999 0.9718439562500001 0.8123733109375 0.9652214406249999 0.8123733109375 0.9585989234374999 0.8093703078125 0.9585989234374999 0.8093703078125 0.9519764078125 0.7973582953125 0.945353890625 0.7973582953125 0.9387313734374999 0.7913522890625 0.9387313734374999 0.7913522890625 0.9321088578125 0.785346284375 0.9321088578125 0.785346284375 0.9254863406249999 0.776337275 0.9254863406249999 0.773334271875 0.9387313734374999 0.77033126875 0.9387313734374999 0.77033126875 0.9519764078125 0.767328265625 0.9519764078125 0.767328265625 0.9718439562500001 0.7643252625 0.9718439562500001 0.7643252625 0.9784664734374999 0.7403012390625 0.9784664734374999 0.7403012390625 0.985088990625 0.7372982359375 0.985088990625 0.7372982359375 1 0.8213823203124999 1
1 0.7282892265625 0.8725062093750001 0.7342952328125001 0.8725062093750001 0.7342952328125001 0.8791287249999999 0.7463072453125 0.8791287249999999 0.7463072453125 0.8857512421875 0.761322259375 0.8857512421875 0.761322259375 0.8923737578125 0.77033126875 0.8923737578125 0.77033126875 0.898996275 0.773334271875 0.898996275 0.773334271875 0.8658836921875 0.767328265625 0.859261175 0.767328265625 0.8460161421875 0.77033126875 0.8460161421875 0.77033126875 0.80628104375 0.767328265625 0.80628104375 0.767328265625 0.793036009375 0.7643252625 0.793036009375 0.7643252625 0.7797909765625001 0.75831925625 0.7731684609375 0.75831925625 0.740055878125 0.761322259375 0.740055878125 0.761322259375 0.72681084375 0.7643252625 0.72681084375 0.7643252625 0.7135658109375 0.761322259375 0.7135658109375 0.761322259375 0.7069432953125 0.755316253125 0.7069432953125 0.755316253125 0.7003207781249999 0.7433042421875 0.7003207781249999 0.7433042421875 0.6936982609375 0.710271209375 0.6936982609375 0.710271209375 0.7003207781249999 0.7012622000000001 0.7003207781249999 0.7012622000000001 0.7069432953125 0.70726820625 0.7135658109375 0.70726820625 0.74667839375 0.710271209375 0.74667839375 0.710271209375 0.7599234265625 0.7162772140625 0.7599234265625 0.7192802171875 0.7731684609375 0.7222832203125 0.7731684609375 0.7222832203125 0.793036009375 0.7192802171875 0.793036009375 0.7192802171875 0.7996585265625 0.7222832203125 0.7996585265625 0.7222832203125 0.812903559375 0.7282892265625 0.812903559375 0.7252862234374999 0.8658836921875 0.7282892265625 0.8658836921875 0.7282892265625 0.8725062093750001
1 0.4915305390625 1 0.49765625 0.9955078125 0.49765625 0.9740234375 0.4888671875 0.959375 0.4322265625 0.959375 0.3921875 0.9876953125 0.38603515625 1 0.4915305390625 1
1 0.3 0.9205626375 0.34140625 0.9212890625 0.38046875 0.9095703125 0.384375 0.8685546875 0.3716796875 0.85390625 0.3345703125 0.840234375 0.3 0.840234375 0.3 0.9205626375
1 0.4908203125 0.76015625 0.4517578125 0.76015625 0.433203125 0.7728515625 0.429296875 0.7982421875 0.4380859375 0.8109375 0.48984375 0.8177734375 0.503515625 0.8099609375 0.503515625 0.7884765625 0.495703125 0.7826171875 0.4908203125 0.76015625
1 0.5591796875 0.8421875 0.554296875 0.8666015625 0.5826171875 0.88515625 0.597265625 0.8841796875 0.603125 0.8705078125 0.597265625 0.8470703125 0.5845703125 0.840234375 0.5591796875 0.8421875
1 0.35703125 0.6048828125 0.358984375 0.6302734375 0.3658203125 0.637109375 0.409765625 0.6380859375 0.42734375 0.6244140625 0.4185546875 0.60390625 0.3658203125 0.6 0.35703125 0.6048828125
1 0.45859375 0.5462890625 0.4693359375 0.5609375 0.51328125 0.5619140625 0.5171875 0.5482421875 0.5005859375 0.53359375 0.45859375 0.5365234375 0.45859375 0.5462890625
1 0.5875 0.5638671875 0.5923828125 0.5765625 0.6265625 0.5775390625 0.63828125 0.5736328125 0.6333984375 0.555078125 0.5943359375 0.555078125 0.5875 0.5638671875
1 0.48315022812499997 0.6207316078125 0.48511352500000005 0.650048828125 0.5394856765625 0.681247965625 0.5979166671874999 0.6651041671875 0.5646525062500001 0.62315266875 0.516149903125 0.612786865625 0.48315022812499997 0.6207316078125
1 0.5287638343750001 0.5896138515625 0.5523234046875001 0.603021240625 0.619736734375 0.619775390625 0.6760416671874999 0.6234375 0.6445170078125 0.5779459640625 0.5596171062499999 0.5687703453124999 0.5287638343750001 0.5896138515625
1 0.48175595624999995 0.509375 0.493200684375 0.5242146812499999 0.5408182781249999 0.5417215984375 0.6135416671874999 0.5322916671875 0.5989716453125 0.509375 0.48175595624999995 0.509375