1 0.1927884609375 0.4311298078125 0.178365384375 0.4503605765625 0.18076923125 0.469591346875 0.325 0.49603365312500003 0.4115384609375 0.4984375 0.4740384609375 0.4816105765625 0.510096153125 0.44555288437499996 0.5052884609375 0.41670673125 0.4884615390625 0.3998798078125 0.33942307656250004 0.371033653125 0.264903846875 0.3902644234375 0.24326923125 0.426322115625 0.1927884609375 0.4311298078125
1 0.1423076921875 0.3253605765625 0.16394230781250002 0.3037259609375 0.1615384609375 0.29170673125 0.1134615390625 0.28930288437499996 0.0822115390625 0.2652644234375 0.065384615625 0.2868990390625 0.077403846875 0.3277644234375 0.1423076921875 0.3253605765625
1 0 0.24381009687500002 0.002884615625 0.24362980781250002 0.022115384374999998 0.23882211562500003 0.029326923437500003 0.2243990390625 0.0581730765625 0.2243990390625 0.06298076875 0.2171875 0.0581730765625 0.20516826875 0.010096153125 0.19795673125 0 0.200060096875 0 0.24381009687500002
1 0.27692307656250004 0.20757211562500003 0.291346153125 0.195552884375 0.28173076875 0.183533653125 0.21201923125 0.1715144234375 0.1927884609375 0.18112980781250002 0.18798076875 0.20997596093749998 0.27692307656250004 0.20757211562500003
1 0.51875 0.2311298078125 0.47163461562500003 0.2243990390625 0.428365384375 0.23401442343749998 0.416346153125 0.25324519218749997 0.44038461562500003 0.2652644234375 0.51875 0.2697424453125 0.51875 0.2311298078125
1 0.8645692562499999 0.34506415625 0.879584271875 0.34506415625 0.879584271875 0.35168667187499997 0.9216263140625 0.35168667187499997 0.9216263140625 0.34506415625 0.9306353234374999 0.34506415625 0.9306353234374999 0.3384416390625 0.9336383265624999 0.3384416390625 0.9336383265624999 0.3119515734375 0.9306353234374999 0.3119515734375 0.9306353234374999 0.2987065390625 0.9276323203124999 0.2987065390625 0.9276323203124999 0.28546150625 0.9246293171875 0.28546150625 0.9246293171875 0.26559395625 0.9186233109374999 0.258971440625 0.9186233109374999 0.2523489234375 0.9156203078124999 0.2523489234375 0.9156203078124999 0.24572640781250002 0.9036082953125 0.23910389062499998 0.9036082953125 0.23248137343750003 0.8976022890625 0.23248137343750003 0.8976022890625 0.22585885781249998 0.891596284375 0.22585885781249998 0.891596284375 0.21923634062500003 0.882587275 0.21923634062500003 0.879584271875 0.23248137343750003 0.8765812687500001 0.23248137343750003 0.8765812687500001 0.24572640781250002 0.8735782656250001 0.24572640781250002 0.8735782656250001 0.26559395625 0.8705752625000001 0.26559395625 0.8705752625000001 0.2722164734375 0.8465512390625 0.2722164734375 0.8465512390625 0.278838990625 0.8435482359375 0.278838990625 0.8435482359375 0.30532905625 0.8465512390625 0.30532905625 0.8465512390625 0.3185740890625 0.8525572453125001 0.32519660625 0.8525572453125001 0.331819121875 0.8585632499999999 0.331819121875 0.8585632499999999 0.3384416390625 0.8645692562499999 0.3384416390625 0.8645692562499999 0.34506415625
1 0.8075122 0 0.8075122 0.0006932953125000001 0.81351820625 0.0073158109375 0.81351820625 0.04042839375 0.8165212093750001 0.04042839375 0.8165212093750001 0.0536734265625 0.8225272140625 0.0536734265625 0.8255302171875 0.06691846093750001 0.8285332203125 0.06691846093750001 0.8285332203125 0.086786009375 0.8255302171875 0.086786009375 0.8255302171875 0.09340852656250001 0.8285332203125 0.09340852656250001 0.8285332203125 0.10665355937500001 0.8345392265625 0.10665355937500001 0.8315362234375 0.1596336921875 0.8345392265625 0.1596336921875 0.8345392265625 0.16625620937500002 0.8405452328124999 0.16625620937500002 0.8405452328124999 0.172878725 0.8525572453125001 0.172878725 0.8525572453125001 0.17950124218750002 0.867572259375 0.17950124218750002 0.867572259375 0.18612375781249998 0.8765812687500001 0.18612375781249998 0.8765812687500001 0.192746275 0.879584271875 0.192746275 0.879584271875 0.1596336921875 0.8735782656250001 0.153011175 0.8735782656250001 0.1397661421875 0.8765812687500001 0.1397661421875 0.8765812687500001 0.10003104375 0.8735782656250001 0.10003104375 0.8735782656250001 0.086786009375 0.8705752625000001 0.086786009375 0.8705752625000001 0.0735409765625 0.8645692562499999 0.06691846093750001 0.8645692562499999 0.033805878125 0.867572259375 0.033805878125 0.867572259375 0.02056084375 0.8705752625000001 0.02056084375 0.8705752625000001 0.0073158109375 0.867572259375 0.0073158109375 0.867572259375 0.0006932953125000001 0.8615662531249999 0.0006932953125000001 0.8615662531249999 0 0.8075122 0
1 1 0.56875 1 0.47947019687500003 0.9967013890625 0.4576469375 0.9906953828125001 0.45102442031249995 0.9906953828125001 0.4377793875 0.9786833703125 0.411289321875 0.960665353125 0.3980442875 0.960665353125 0.391421771875 0.9306353234374999 0.391421771875 0.9306353234374999 0.3980442875 0.8945992875 0.40466680468750005 0.8945992875 0.411289321875 0.885590278125 0.411289321875 0.885590278125 0.4179118375 0.8765812687500001 0.4179118375 0.8705752625000001 0.43115687031250005 0.8645692562499999 0.43115687031250005 0.8615662531249999 0.45102442031249995 0.8585632499999999 0.45102442031249995 0.8585632499999999 0.49738203593749997 0.8705752625000001 0.5172495859375 0.88859328125 0.5304946187499999 0.88859328125 0.5371171359375 0.8945992875 0.5371171359375 0.8945992875 0.5437396515625 0.9036082953125 0.5437396515625 0.9156203078124999 0.5636072015625 0.9276323203124999 0.5636072015625 0.9276323203124999 0.56875 1 0.56875
1 0.51875 0.5326039453125 0.551171875 0.5353515625 0.5658203125 0.53046875 0.58046875 0.5099609375 0.58046875 0.4572265625 0.57265625 0.4494140625 0.5677734375 0.42890625 0.5560546875 0.42109375 0.5423828125 0.423046875 0.5248046875 0.40546875 0.51875 0.41455078125 0.51875 0.5326039453125
1 0.51875 0.3329808734375 0.54921875 0.3361328125 0.5697265625 0.33125 0.574609375 0.3107421875 0.60390625 0.2892578125 0.60390625 0.2677734375 0.5951171875 0.253125 0.5384765625 0.253125 0.51875 0.267077934375 0.51875 0.3329808734375
1 0.5970703125 0.05390625 0.5580078125 0.05390625 0.539453125 0.0666015625 0.535546875 0.0919921875 0.5443359375 0.1046875 0.59609375 0.1115234375 0.609765625 0.1037109375 0.609765625 0.0822265625 0.601953125 0.0763671875 0.5970703125 0.05390625
1 0.6654296875 0.1359375 0.660546875 0.1603515625 0.6888671875 0.17890625 0.703515625 0.1779296875 0.709375 0.1642578125 0.703515625 0.1408203125 0.6908203125 0.133984375 0.6654296875 0.1359375
1 0.3729166671875 0.6612268515624999 0.35121527812500003 0.645794753125 0.32864583281250004 0.634992284375 0.31302083281250004 0.6380787031249999 0.29913194375 0.6519675921875 0.27743055625 0.656597221875 0.27048611093749997 0.667399690625 0.2869791671875 0.682831790625 0.334722221875 0.6812885796875 0.37204861093749997 0.6951774687500001 0.39288194375 0.6905478390625 0.39895833281250004 0.67665895 0.3729166671875 0.6612268515624999