1 0.5576923078125 0.48076923125000004 0.58173076875 0.48076923125000004 0.6177884609375 0.459134615625 0.622596153125 0.4302884609375 0.6105769234375 0.415865384375 0.5625 0.40865384687499995 0.54326923125 0.4230769234375 0.54326923125 0.43509615312500005 0.564903846875 0.4543269234375 0.5576923078125 0.48076923125000004
1 0.7764423078125 0.40384615312500005 0.771634615625 0.375 0.721153846875 0.34375 0.70673076875 0.34375 0.6730769234375 0.372596153125 0.677884615625 0.41105769218750005 0.7019230765625 0.43509615312500005 0.7572115390625 0.42548076874999996 0.7764423078125 0.40384615312500005
1 0.872596153125 0.771634615625 0.8798076921875 0.7139423078125 0.8677884609375001 0.6875 0.83173076875 0.6802884609375 0.814903846875 0.689903846875 0.7956730765625 0.7259615390625 0.8197115390624999 0.8052884609375001 0.8389423078125 0.8028846156249999 0.872596153125 0.771634615625
1 0.26923076875 0.32451923125 0.23317307656250003 0.3365384609375 0.23076923124999998 0.353365384375 0.24038461562500002 0.3677884609375 0.3173076921875 0.375 0.3485576921875 0.35576923125 0.3485576921875 0.3389423078125 0.32451923125 0.3293269234375 0.2740384609375 0.334134615625 0.2764423078125 0.32451923125 0.302884615625 0.3125 0.2884615390625 0.3052884609375 0.26923076875 0.32451923125
1 0.521634615625 0.1923076921875 0.5576923078125 0.2139423078125 0.584134615625 0.2115384609375 0.60576923125 0.1947115390625 0.5889423078125 0.17548076875000002 0.5552884609375 0.1730769234375 0.521634615625 0.1923076921875
1 0.533203125 0.6259765625 0.53515625 0.5986328125 0.5224609375 0.580078125 0.4912109375 0.576171875 0.451171875 0.5947265625 0.44140625 0.6083984375 0.44140625 0.6279296875 0.4560546875 0.646484375 0.462890625 0.6455078125 0.5107421875 0.64453125 0.533203125 0.6259765625
1 0.27734375 0.5361328125 0.2529296875 0.525390625 0.2314453125 0.52734375 0.189453125 0.5654296875 0.189453125 0.6005859375 0.19921875 0.6201171875 0.2255859375 0.63671875 0.275390625 0.6357421875 0.287109375 0.6259765625 0.27734375 0.5361328125
1 0.455078125 0.4619140625 0.4443359375 0.45703125 0.435546875 0.4873046875 0.447265625 0.4892578125 0.455078125 0.4853515625 0.455078125 0.4619140625
1 0.392578125 0.3193359375 0.3486328125 0.3125 0.326171875 0.3310546875 0.3466796875 0.345703125 0.361328125 0.3447265625 0.3857421875 0.33984375 0.392578125 0.3193359375
1 0.3857421875 0.18359375 0.3525390625 0.18359375 0.33984375 0.1943359375 0.3466796875 0.208984375 0.369140625 0.2138671875 0.388671875 0.1923828125 0.3857421875 0.18359375
1 0.544921875 0.1162109375 0.5283203125 0.109375 0.5048828125 0.107421875 0.48046875 0.1259765625 0.4853515625 0.134765625 0.53515625 0.1357421875 0.544921875 0.1259765625 0.544921875 0.1162109375
1 0.4969450484375 0.3165298328125 0.4979767875 0.28720280468750004 0.498377721875 0.26858874843749997 0.4601506515625 0.25059361562500004 0.4057564875 0.27774074843749996 0.4044040015625 0.32052848749999996 0.4690613859375 0.337955778125 0.4969450484375 0.3165298328125