1 0.3146634609375 0.45288461562500004 0.31947115312499996 0.4240384609375 0.3074519234375 0.409615384375 0.259375 0.40240384687499997 0.24014423125 0.4168269234375 0.24014423125 0.428846153125 0.261778846875 0.4480769234375 0.25456730781250003 0.47451923125000006 0.27860576875 0.47451923125000006 0.3146634609375 0.45288461562500004
1 0.41802884687499997 0.3375 0.40360576875 0.3375 0.3699519234375 0.36634615312499996 0.37475961562500004 0.4048076921875 0.3987980765625 0.428846153125 0.4540865390625 0.41923076875 0.4733173078125 0.39759615312499996 0.46850961562500004 0.36875 0.41802884687499997 0.3375
1 0 0.367420371875 0.014182692187500002 0.36875 0.0454326921875 0.34951923125 0.0454326921875 0.33269230781250003 0.02139423125 0.3230769234375 0 0.32511446875 0 0.367420371875
1 0.28100961562500004 0.2052884609375 0.30264423125 0.18846153906250002 0.28581730781250003 0.16923076875 0.2521634609375 0.1668269234375 0.21850961562500001 0.18605769218749998 0.25456730781250003 0.2076923078125 0.28100961562500004 0.2052884609375
1 0.132421875 0.4810546875 0.144140625 0.4830078125 0.151953125 0.4791015625 0.151953125 0.4556640625 0.1412109375 0.45078125 0.132421875 0.4810546875
1 0.023046875 0.3248046875 0.0435546875 0.339453125 0.058203125 0.3384765625 0.0826171875 0.33359375 0.089453125 0.3130859375 0.0455078125 0.30625 0.023046875 0.3248046875
1 0.03671875 0.1880859375 0.0435546875 0.202734375 0.066015625 0.2076171875 0.085546875 0.1861328125 0.0826171875 0.17734375 0.0494140625 0.17734375 0.03671875 0.1880859375
1 0.2017578125 0.101171875 0.17734375 0.1197265625 0.1822265625 0.128515625 0.23203125 0.1294921875 0.241796875 0.1197265625 0.241796875 0.1099609375 0.2251953125 0.103125 0.2017578125 0.101171875
1 0.195252721875 0.2623387484375 0.15702565156249998 0.244343615625 0.1026314875 0.2714907484375 0.1012790015625 0.3142784875 0.16593638593749999 0.331705778125 0.1938200484375 0.3102798328125 0.1948517875 0.2809528046875 0.195252721875 0.2623387484375
1 1 0.290992053125 0.6778239671875 0.245581896875 0.6365395640625 0.20678879375 0.5906680046874999 0.2024784484375 0.5390625 0.2435096140625 0.5390625 0.43583257656249996 0.56314506875 0.43523706874999996 0.5906680046874999 0.469719828125 0.6365395640625 0.47403017187499996 0.6824111234375 0.43523706874999996 1 0.4191060390625 1 0.290992053125
1 0.3047440484375 1 0.3102083328125 0.931696428125 0.2835416671875 0.8602678578124999 0.286875 0.7888392859375 0.2235416671875 0.7293154765625001 0.216875 0.74717261875 0.1835416671875 0.7412202375 0.146875 0.7828869046875 0.1435416671875 0.87217261875 0.10687500000000001 0.9733630953125001 0.1093611109375 1 0.3047440484375 1