1 0.3162259609375 0.36694711562500004 0.321033653125 0.3381009609375 0.30901442343749996 0.323677884375 0.2609375 0.316466346875 0.24170673125 0.3308894234375 0.24170673125 0.34290865312499996 0.263341346875 0.3621394234375 0.2561298078125 0.38858173125 0.28016826875 0.38858173125 0.3162259609375 0.36694711562500004
1 0.419591346875 0.2515625 0.40516826874999995 0.2515625 0.37151442343749996 0.28040865312499996 0.376322115625 0.3188701921875 0.4003605765625 0.34290865312499996 0.4556490390625 0.33329326875 0.47487980781249994 0.31165865312499996 0.470072115625 0.2828125 0.419591346875 0.2515625
1 0 0.2813363875 0.0157451921875 0.2828125 0.0469951921875 0.26358173125 0.0469951921875 0.2467548078125 0.02295673125 0.2371394234375 0 0.239325778125 0 0.2813363875
1 0.282572115625 0.1193509609375 0.30420673125 0.1025240390625 0.2873798078125 0.08329326875000001 0.2537259609375 0.0808894234375 0.220072115625 0.10012019218749998 0.2561298078125 0.1217548078125 0.282572115625 0.1193509609375
1 0.2208984375 0.487890625 0.1896484375 0.483984375 0.149609375 0.5025390625 0.13984375 0.5162109375 0.13984375 0.5357421875 0.1544921875 0.554296875 0.161328125 0.5533203125 0.2091796875 0.55234375 0.231640625 0.5337890625 0.23359375 0.5064453125 0.2208984375 0.487890625
1 0.133984375 0.3951171875 0.145703125 0.3970703125 0.153515625 0.3931640625 0.153515625 0.3697265625 0.1427734375 0.36484375 0.133984375 0.3951171875
1 0.024609375 0.2388671875 0.0451171875 0.253515625 0.059765625 0.2525390625 0.0841796875 0.24765625 0.091015625 0.2271484375 0.0470703125 0.2203125 0.024609375 0.2388671875
1 0.03828125 0.1021484375 0.0451171875 0.116796875 0.067578125 0.1216796875 0.087109375 0.1001953125 0.0841796875 0.09140625 0.0509765625 0.09140625 0.03828125 0.1021484375
1 0.2033203125 0.015234375 0.17890625 0.0337890625 0.1837890625 0.042578125 0.23359375 0.0435546875 0.243359375 0.0337890625 0.243359375 0.0240234375 0.2267578125 0.0171875 0.2033203125 0.015234375
1 0.196815221875 0.1764012484375 0.1585881515625 0.158406115625 0.1041939875 0.1855532484375 0.1028415015625 0.22834098749999998 0.1674988859375 0.245768278125 0.1953825484375 0.2243423328125 0.1964142875 0.1950153046875 0.196815221875 0.1764012484375
1 0.571212121875 0.65 0.507784090625 0.678594603125 0.4796875 0.7292605875 0.4796875 1 0.8444697968749999 1 0.845965909375 0.957283128125 0.8241477265625001 0.8917093578124999 0.8241477265625001 0.8479935109374999 0.8568749999999999 0.787884221875 0.845965909375 0.7332394125 0.7696022734375 0.6567366796874999 0.7525670468750001 0.65 0.571212121875 0.65
1 0.554282025 0.65 0.4932386359375 0.7004525265625 0.4796875 0.7411799859375 0.4796875 1 0.8444697968749999 1 0.845965909375 0.957283128125 0.8205113640625001 0.875315915625 0.8205113640625001 0.8479935109374999 0.8568749999999999 0.7988131828125 0.8496022734374999 0.7332394125 0.787784090625 0.6622011609375 0.7460275968750001 0.65 0.554282025 0.65