1 0.697115384375 0.7668269234375 0.5576923078125 0.73798076875 0.51923076875 0.752403846875 0.5240384609375 0.8076923078125 0.54326923125 0.8341346156249999 0.5865384609375 0.8509615390624999 0.622596153125 0.8990384609375001 0.677884615625 0.90625 0.7139423078125 0.8822115390624999 0.7764423078125 0.8677884609375001 0.810096153125 0.8389423078125 0.8052884609375001 0.8197115390624999 0.728365384375 0.783653846875 0.7115384609375 0.783653846875 0.697115384375 0.7668269234375
1 0.720703125 0.5927734375 0.6337890625 0.564453125 0.6123046875 0.56640625 0.5986328125 0.578125 0.556640625 0.5888671875 0.5673828125 0.59765625 0.638671875 0.6083984375 0.7197265625 0.59765625 0.720703125 0.5927734375
1 0.7900390625 0.576171875 0.6875 0.5439453125 0.689453125 0.5634765625 0.7080078125 0.576171875 0.7568359375 0.595703125 0.80078125 0.5966796875 0.802734375 0.5869140625 0.7900390625 0.576171875
1 0.537109375 0.4931640625 0.5185546875 0.4765625 0.5068359375 0.48046875 0.4892578125 0.47265625 0.4677734375 0.453125 0.4423828125 0.451171875 0.423828125 0.4677734375 0.423828125 0.4892578125 0.4306640625 0.5 0.4501953125 0.5 0.4580078125 0.505859375 0.50390625 0.5048828125 0.5322265625 0.5 0.537109375 0.4931640625
1 0.3212890625 0.767578125 0.3359375 0.7626953125 0.34375 0.7412109375 0.341796875 0.7119140625 0.3115234375 0.701171875 0.2353515625 0.697265625 0.23046875 0.7412109375 0.23828125 0.7607421875 0.2568359375 0.78125 0.2890625 0.7861328125 0.3076171875 0.78125 0.3212890625 0.767578125
1 0.099609375 0.7958984375 0.099609375 0.7841796875 0.146484375 0.7314453125 0.154296875 0.7041015625 0.1455078125 0.69921875 0.0634765625 0.69921875 0.0498046875 0.693359375 0.0009765625 0.69140625 0 0.7509765625 0.0244140625 0.755859375 0.046875 0.7744140625 0.046875 0.8037109375 0.0517578125 0.80859375 0.09375 0.8095703125 0.107421875 0.7998046875 0.099609375 0.7958984375
1 0.576171875 0.6982421875 0.5654296875 0.67578125 0.5498046875 0.673828125 0.52734375 0.7001953125 0.5234375 0.7197265625 0.5341796875 0.7265625 0.5546875 0.7255859375 0.572265625 0.7177734375 0.576171875 0.6982421875
1 0.46484375 0.7373046875 0.4609375 0.7197265625 0.4462890625 0.728515625 0.3701171875 0.724609375 0.361328125 0.7490234375 0.3701171875 0.7578125 0.380859375 0.7587890625 0.4521484375 0.75 0.46484375 0.7373046875
1 0.578125 0.3662109375 0.5712890625 0.365234375 0.56640625 0.3857421875 0.576171875 0.3876953125 0.580078125 0.3740234375 0.578125 0.3662109375
1 0.8037109375 0.701171875 0.794921875 0.7060546875 0.7998046875 0.720703125 0.826171875 0.7216796875 0.8154296875 0.705078125 0.8037109375 0.701171875
1 0.6630859375 0.650390625 0.6455078125 0.642578125 0.630859375 0.6494140625 0.63671875 0.6630859375 0.6591796875 0.6796875 0.67578125 0.6787109375 0.677734375 0.6728515625 0.6630859375 0.650390625
1 0.4384765625 0.798828125 0.419921875 0.8017578125 0.419921875 0.8154296875 0.4296875 0.8154296875 0.439453125 0.8134765625 0.4384765625 0.798828125
1 0.4638671875 0.85546875 0.455078125 0.8603515625 0.4599609375 0.87109375 0.470703125 0.8701171875 0.470703125 0.8603515625 0.4638671875 0.85546875
1 0.4990234375 0.4140625 0.46875 0.4130859375 0.4736328125 0.423828125 0.49609375 0.4267578125 0.501953125 0.4228515625 0.4990234375 0.4140625
1 0.41015625 0.4814453125 0.4052734375 0.4765625 0.3818359375 0.4765625 0.380859375 0.4931640625 0.396484375 0.4951171875 0.4091796875 0.4921875 0.41015625 0.4814453125
1 0.3564453125 0.47265625 0.298828125 0.4736328125 0.3037109375 0.484375 0.349609375 0.4970703125 0.359375 0.4912109375 0.3564453125 0.47265625