1 0.2984375 0.4234375 0.290625 0.4078125 0.2234375 0.3546875 0.1265625 0.3296875 0.0515625 0.3234375 0.01875 0.3328125 0.015625 0.3484375 0.015625 0.409375 0.0375 0.4375 0.0890625 0.453125 0.134375 0.45625 0.184375 0.475 0.20625 0.475 0.20625 0.4609375 0.215625 0.4515625 0.2453125 0.4484375 0.2640625 0.459375 0.278125 0.459375 0.296875 0.4515625 0.2984375 0.4234375
1 0.5796875 0.45186491875 0.5484375 0.4296875 0.5421875 0.40625 0.509375 0.3875 0.4921875 0.3671875 0.44375 0.346875 0.38125 0.3375 0.353125 0.3421875 0.334375 0.3578125 0.3390625 0.3796875 0.3546875 0.3984375 0.4390625 0.4015625 0.4890625 0.4265625 0.528125 0.4578125 0.54375 0.459375 0.5546875 0.46875 0.5515625 0.4890625 0.575 0.4875 0.5734375 0.4796875 0.5796875 0.478125 0.5796875 0.45186491875
1 0.3783174640625 0.5203675890625 0.418643609375 0.560693734375 0.5091315437499999 0.5921677984375 0.5296875 0.5265625 0.5140625 0.5109375 0.4484375 0.4890625 0.421875 0.471875 0.3546875 0.4578125 0.3046875 0.4609375 0.2859375 0.46875 0.31045151249999997 0.5065976859375 0.3783174640625 0.5203675890625
1 0.2703125 0.64375 0.328125 0.646875 0.3625 0.6359375 0.35625 0.6234375 0.3296875 0.6171875 0.340625 0.60625 0.3125 0.590625 0.284375 0.5484375 0.2421875 0.525 0.221875 0.5046875 0.1984375 0.49375 0.1546875 0.490625 0.125 0.5 0.1171875 0.525 0.175 0.5515625 0.184375 0.5671875 0.14375 0.5609375 0.1375 0.5640625 0.140625 0.571875 0.159375 0.5734375 0.1875 0.5890625 0.2671875 0.6109375 0.275 0.6171875 0.271875 0.63125 0.2546875 0.6328125 0.253125 0.6375 0.2703125 0.64375
1 0.5796875 0.449085115625 0.547265625 0.4251953125 0.54140625 0.4037109375 0.4720703125 0.35390625 0.3900390625 0.336328125 0.3548828125 0.348046875 0.3421875 0.3607421875 0.344140625 0.3783203125 0.3646484375 0.394921875 0.4642578125 0.410546875 0.488671875 0.4310546875 0.488671875 0.4525390625 0.4955078125 0.461328125 0.578515625 0.4662109375 0.5796875 0.46533203125 0.5796875 0.449085115625
1 0.5796875 0.58828125 0.5658203125 0.58828125 0.5609375 0.5931640625 0.5736328125 0.601953125 0.5796875 0.6017443421875 0.5796875 0.58828125
1 0.3490234375 0.594140625 0.375390625 0.5931640625 0.40078125 0.5775390625 0.3744140625 0.570703125 0.340234375 0.5833984375 0.3490234375 0.594140625
1 0.1205078125 0.60390625 0.1546875 0.6029296875 0.15859375 0.5990234375 0.1419921875 0.590234375 0.117578125 0.5931640625 0.1205078125 0.60390625
1 1 0.43987377031249997 0.9701134171875001 0.4326192015625 0.8388392859374999 0.4274645625 0.8079512546875 0.4429284796875 0.8040902515624999 0.46354703593749996 0.8735883203125001 0.47901095312499997 1 0.46025916406249995 1 0.43987377031249997
1 1 0.6632409781249999 0.9623914093749999 0.613031571875 0.931503378125 0.6284954890625001 0.7423141890625 0.6181862109375 0.7114261578125001 0.5872583765625 0.6496500968750001 0.5769490984375001 0.5917350390625 0.592413015625 0.58401303125 0.6181862109375 0.6692296093750001 0.66875 0.9937097828125001 0.66875 1 0.6651509578125 1 0.6632409781249999
1 1 0.71532095 0.9888980265625001 0.713524590625 0.9283717109375 0.732259953125 0.9204769734375 0.76270491875 0.944161184375 0.7978337234375 1 0.7933162125 1 0.71532095