1 0.340384615625 0.18077728125 0.368846153125 0.19463409375000001 0.4080769234375 0.20849090625 0.419615384375 0.2061814375 0.42653846093750003 0.198098296875 0.425 0.179622546875 0.420384615625 0.1750036078125 0.36961538437499997 0.1599920609375 0.3434615390625 0.1599920609375 0.33423076875 0.1646109984375 0.33269230781250003 0.1715394046875 0.340384615625 0.18077728125
1 0 0.21006373437499998 0.0080769234375 0.20964564062500002 0.0365384609375 0.198098296875 0.03576923125 0.18886042187500002 0.0226923078125 0.18308675000000002 0 0.18036157656250001 0 0.21006373437499998
1 0.15346153906249999 0.30202439375 0.1673076921875 0.312417003125 0.19961538437499998 0.312417003125 0.2473076921875 0.30664333125 0.270384615625 0.296250721875 0.26423076874999996 0.28816758125 0.2134615390625 0.26853709531250003 0.1973076921875 0.2662276265625 0.159615384375 0.2731560328125 0.15346153906249999 0.284703378125 0.15346153906249999 0.30202439375
1 0.5296875 0.294332340625 0.508846153125 0.298560190625 0.5019230765625 0.30548859687499996 0.5026923078125 0.31703594062499996 0.511153846875 0.3389758953125 0.5296875 0.35566902499999997 0.5296875 0.294332340625
1 0.5296875 0.2127489890625 0.495 0.2061814375 0.4834615390625 0.21426457812500002 0.4773076921875 0.2246571875 0.479615384375 0.23851400156250002 0.488846153125 0.2489066109375 0.5296875 0.26288940625 0.5296875 0.2127489890625
1 0.171153846875 0.20964564062500002 0.1765384609375 0.21426457812500002 0.1973076921875 0.21772878125 0.2926923078125 0.221192984375 0.30961538437499997 0.21888351562500002 0.3180769234375 0.20964564062500002 0.27423076874999996 0.18308675000000002 0.2473076921875 0.1750036078125 0.22576923125 0.1738488734375 0.1826923078125 0.186550953125 0.1719230765625 0.1969435625 0.171153846875 0.20964564062500002
1 0.1880769234375 0.4348188515625 0.2065384609375 0.45444933593750003 0.225 0.4648419453125 0.24038461562500002 0.4683061484375 0.2780769234375 0.4498303984375 0.288846153125 0.4405925234375 0.30423076875 0.4163431 0.3034615390625 0.396712615625 0.2980769234375 0.385165271875 0.2565384609375 0.387474740625 0.2226923078125 0.38401053749999997 0.19961538437499998 0.396712615625 0.190384615625 0.41403363125 0.1880769234375 0.4348188515625
1 0.29684855625 0.559375 0.3265384609375 0.5445186203125 0.3365384609375 0.5352807453125 0.278846153125 0.5006387125 0.25884615312500003 0.49948397812499995 0.219615384375 0.51680499375 0.185 0.5098765875 0.1680769234375 0.51218605625 0.158846153125 0.5237334 0.1465384609375 0.5537564953125 0.145789903125 0.559375 0.29684855625 0.559375
1 0 0.4915765578125 0.020384615624999998 0.49024610312499994 0.031153846875000002 0.48331769687500004 0.081153846875 0.42327150625 0.0780769234375 0.41403363125 0.0180769234375 0.387474740625 0 0.3859016234375 0 0.4915765578125
1 0.7026041671875001 0.2890046296875 0.7703125 0.30289351875000003 0.7859375 0.27357253125000003 0.7451388890625 0.21647376562499998 0.680034721875 0.168634259375 0.6348958328125 0.14857253125 0.602777778125 0.1917824078125 0.5654513890625 0.22110339531249998 0.5932291671875001 0.267399690625 0.634027778125 0.2689429015625 0.7026041671875001 0.2890046296875
1 0.3385416671875 0.7894868828125 0.3845486109375 0.7941165124999999 0.4548611109375 0.7802276234375001 0.46006944375 0.7570794750000001 0.4192708328125 0.726215278125 0.375 0.7308449078125 0.3489583328125 0.726215278125 0.3177083328125 0.718499228125 0.29340277812500004 0.7246720671875 0.26909722187499996 0.737017746875 0.2638888890625 0.76788194375 0.2907986109375 0.7817708328125 0.3385416671875 0.7894868828125
1 0.5296875 0.559375 0.5296875 0.992266071875 0.711278409375 0.9861338796875 0.773096590625 0.9369535515624999 0.9040056812499999 0.88230874375 0.9294602265625 0.8495218578125 0.9149147734374999 0.6910519125000001 0.8385511359375 0.559904371875 0.8343741859375001 0.559375 0.5296875 0.559375