1 0.0815384609375 0.5704387984375 0.04923076875 0.594688221875 0.040769231249999996 0.6073902999999999 0.046153846875 0.6131639718749999 0.08769230781250001 0.616628175 0.0976923078125 0.603926096875 0.106153846875 0.60046189375 0.114615384375 0.5842956125 0.1284615390625 0.5692840640625 0.1269230765625 0.5623556578125 0.1176923078125 0.5612009234374999 0.0815384609375 0.5704387984375
1 0.60923076875 0.4630484984375 0.6076923078124999 0.4699769046875 0.615384615625 0.47921478124999994 0.6438461531249999 0.49307159375 0.6830769234375 0.50692840625 0.694615384375 0.5046189375 0.7015384609375 0.49653579687500005 0.7 0.47806004687500003 0.695384615625 0.47344110781250004 0.644615384375 0.45842956093750004 0.6184615390625 0.45842956093750004 0.60923076875 0.4630484984375
1 0.19923076875 0.482678984375 0.19461538437499998 0.48960739062499997 0.2069230765625 0.501154734375 0.26076923125 0.509237875 0.2830769234375 0.5080831406249999 0.3115384609375 0.49653579687500005 0.31076923125 0.48729792187500004 0.2976923078125 0.48152425 0.22076923124999998 0.4722863734375 0.19923076875 0.482678984375
1 0.43461538437499997 0.5715935328125 0.42846153906250006 0.583140878125 0.42846153906250006 0.60046189375 0.44230769218750005 0.610854503125 0.474615384375 0.610854503125 0.5223076921875001 0.60508083125 0.545384615625 0.594688221875 0.53923076875 0.58660508125 0.4884615390625 0.5669745953125 0.4723076921875 0.5646651265625 0.43461538437499997 0.5715935328125
1 0.7838461531250001 0.5969976906250001 0.7769230765625 0.603926096875 0.7776923078125 0.615473440625 0.786153846875 0.6374133953125 0.80923076875 0.6581986140625 0.8269230765625 0.6581986140625 0.845384615625 0.6478060046875 0.8669230765625 0.6120092374999999 0.8661538468750001 0.603926096875 0.8430769234375 0.5935334875 0.8123076921875001 0.59122401875 0.7838461531250001 0.5969976906250001
1 0.7584615390625 0.512702078125 0.7523076921875 0.5230946875 0.754615384375 0.5369515015624999 0.763846153125 0.5473441109375 0.8076923078125 0.5623556578125 0.836153846875 0.5623556578125 0.856153846875 0.5554272515625 0.8523076921875001 0.5427251734375 0.85923076875 0.5254041578125 0.855384615625 0.5207852187500001 0.77 0.5046189375 0.7584615390625 0.512702078125
1 0.4576923078125 0.484988453125 0.4469230765625 0.4953810625 0.446153846875 0.5080831406249999 0.45153846093750005 0.512702078125 0.4723076921875 0.5161662812500001 0.5676923078125 0.519630484375 0.5846153843749999 0.517321015625 0.5930769234375 0.5080831406249999 0.54923076875 0.48152425 0.5223076921875001 0.47344110781250004 0.50076923125 0.4722863734375 0.4576923078125 0.484988453125
1 0.474615384375 0.695150115625 0.465384615625 0.71247113125 0.4630769234375 0.7332563515625 0.4815384609375 0.7528868359375 0.5 0.7632794453125 0.515384615625 0.7667436484375 0.5530769234374999 0.7482678984375 0.563846153125 0.7390300234375 0.57923076875 0.7147806 0.5784615390625001 0.695150115625 0.5730769234374999 0.683602771875 0.5315384609375 0.685912240625 0.4976923078125 0.6824480375 0.474615384375 0.695150115625
1 0.494615384375 0.8152424937499999 0.45999999999999996 0.8083140875 0.4430769234375 0.81062355625 0.433846153125 0.8221709 0.42153846093749997 0.8521939953125001 0.42000000000000004 0.8637413390625 0.42846153906250006 0.8718244796875 0.543846153125 0.8718244796875 0.6015384609375001 0.8429561203124999 0.6115384609375 0.8337182453124999 0.5538461531250001 0.7990762124999999 0.5338461531250001 0.7979214781249999 0.494615384375 0.8152424937499999
1 1 0.316397228125 0.9369230765625 0.31524249375 0.9169230765625 0.32448036875 0.8930769234374999 0.3279445734375 0.8800000000000001 0.3360277140625 0.8569230765625001 0.3394919171875 0.7830769234375 0.32217090000000004 0.77076923125 0.32678983906250003 0.76923076875 0.33487297968749996 0.774615384375 0.3521939953125 0.793846153125 0.36258660468750004 0.8292307687499999 0.3648960734375 0.8915384609375 0.3568129328125 0.923846153125 0.38106235625 0.974615384375 0.39953810624999997 1 0.40415704375 1 0.316397228125
1 0.20923076875 0.690531178125 0.19076923125 0.7251732109375 0.19615384687499998 0.7575057734375 0.20538461562500002 0.775981525 0.2130769234375 0.7829099312500001 0.24230769218749998 0.79214780625 0.295384615625 0.788683603125 0.30615384687499997 0.7817551968750001 0.35615384687499996 0.72170900625 0.3530769234375 0.71247113125 0.2930769234375 0.685912240625 0.24 0.681293303125 0.20923076875 0.690531178125
1 0.89 1 0.8669230765625 0.9572748265625 0.8423076921874999 0.9284064671875001 0.81923076875 0.9099307156249999 0.7576923078125 0.88568129375 0.7515384609375 0.879907621875 0.7469230765625 0.8591224015625001 0.74 0.8556581984375 0.73 0.8602771359375 0.6900000000000001 0.8972286374999999 0.6815384609375 0.912240184375 0.675384615625 0.9595842953125 0.636153846875 1 0.89 1