1 0.368509615625 0.41046478124999997 0.39697115312500003 0.42432159374999995 0.4362019234375 0.43817840625000004 0.447740384375 0.4358689375 0.45466346093750004 0.427785796875 0.453125 0.40931004687500006 0.448509615625 0.40469110781250006 0.397740384375 0.3896795609375 0.3715865390625 0.3896795609375 0.36235576875 0.3942984984375 0.3608173078125 0.4012269046875 0.368509615625 0.41046478124999997
1 0 0.4384021359375 0.01389423125 0.440487875 0.0362019234375 0.43933314062499995 0.0646634609375 0.427785796875 0.06389423125 0.418547921875 0.050817307812500004 0.41277425 0 0.406671478125 0 0.4384021359375
1 0.1815865390625 0.53171189375 0.19543269218749998 0.542104503125 0.22774038437500002 0.542104503125 0.2754326921875 0.53633083125 0.298509615625 0.525938221875 0.29235576874999997 0.51785508125 0.2415865390625 0.4982245953125 0.2254326921875 0.4959151265625 0.187740384375 0.5028435328125 0.1815865390625 0.5143908781250001 0.1815865390625 0.53171189375
1 0.5308173078125 0.546723440625 0.539278846875 0.5686633953125 0.56235576875 0.5894486140625 0.5800480765625 0.5894486140625 0.598509615625 0.5790560046875 0.6200480765624999 0.5432592374999999 0.619278846875 0.535176096875 0.5962019234375 0.5247834874999999 0.5654326921874999 0.52247401875 0.536971153125 0.528247690625 0.5300480765625 0.535176096875 0.5308173078125 0.546723440625
1 0.507740384375 0.46820150156249996 0.516971153125 0.4785941109375 0.5608173078124999 0.4936056578125 0.589278846875 0.4936056578125 0.609278846875 0.48667725156249997 0.6054326921875 0.4739751734375 0.61235576875 0.4566541578125 0.6085096156249999 0.45203521875 0.5231250000000001 0.4358689375 0.5115865390625001 0.443952078125 0.5054326921875 0.4543446875 0.507740384375 0.46820150156249996
1 0.199278846875 0.43933314062499995 0.20466346093749999 0.443952078125 0.2254326921875 0.44741628125000005 0.3208173078125 0.450880484375 0.337740384375 0.44857101562499996 0.3462019234375 0.43933314062499995 0.30235576875 0.41277425 0.2754326921875 0.40469110781250006 0.25389423125 0.40353637343750004 0.21081730781250002 0.41623845312499996 0.20004807656249998 0.4266310625 0.199278846875 0.43933314062499995
1 0.31794185 0.66875 0.33235576875 0.6460306 0.3315865390625 0.626400115625 0.3262019234375 0.614852771875 0.2846634609375 0.617162240625 0.2508173078125 0.6136980375000001 0.22774038437500002 0.626400115625 0.21850961562500001 0.64372113125 0.21620192343750003 0.6645063515625 0.2201928734375 0.66875 0.31794185 0.66875
1 0.6296875 0.2677937359375 0.6100480765625 0.27074191718749996 0.5362019234375001 0.2534209 0.52389423125 0.2580398390625 0.52235576875 0.2661229796875 0.527740384375 0.2834439953125 0.546971153125 0.2938366046875 0.5823557687500001 0.2961460734375 0.6296875 0.29000575624999997 0.6296875 0.2677937359375
1 0 0.66875 0.0961298078125 0.66875 0.109278846875 0.6529590062499999 0.10620192343749998 0.64372113125 0.0462019234375 0.617162240625 0 0.6131415890625 0 0.66875
1 0.6296875 0.26726025 0.6729166671875 0.277141203125 0.7276041671875 0.28022762343749996 0.7909722218749999 0.30491898125 0.8578125 0.33423996875 0.88038194375 0.3188078703125 0.88038194375 0.26788194375 0.8404513890625 0.2246720671875 0.7875 0.1660300921875 0.744965278125 0.1274498453125 0.6963541671875 0.132079475 0.6737847218749999 0.1860918203125 0.635590278125 0.20152392031250002 0.6296875 0.2086226859375 0.6296875 0.26726025
1 0.031307834374999996 0.80317000625 0.0600052859375 0.82427396875 0.0738892984375 0.84278145 0.1317393109375 0.8222176125 0.10744229062499999 0.781089846875 0.0773603015625 0.779033490625 0.035708265625 0.779033490625 0.0654969171875 0.8182043140624999 0.031307834374999996 0.80317000625
1 0.0451967234375 0.8772440812500001 0.0634762890625 0.9065295031249999 0.08430230625 0.8736272515625 0.0600052859375 0.8551197703125 0.0451967234375 0.8772440812500001
1 0.2234375 0.7830078125 0.2361328125 0.79765625 0.2859375 0.8025390625 0.287890625 0.7927734375 0.2732421875 0.78203125 0.2302734375 0.77421875 0.2234375 0.7830078125
1 0.108203125 0.7263671875 0.1189453125 0.737109375 0.1375 0.7380859375 0.1580078125 0.73515625 0.166796875 0.7263671875 0.1580078125 0.71953125 0.108203125 0.7263671875
1 0.272265625 0.7419921875 0.2673828125 0.73515625 0.248828125 0.7361328125 0.2517578125 0.74296875 0.272265625 0.7419921875
1 0.135546875 0.7947265625 0.1169921875 0.77421875 0.0896484375 0.768359375 0.0193359375 0.7859375 0.01640625 0.7927734375 0.037890625 0.8083984375 0.0359375 0.8181640625 0.04765625 0.8298828125 0.0720703125 0.8171875 0.1091796875 0.823046875 0.135546875 0.8044921875 0.135546875 0.7947265625
1 0.29765625 0.9177734375 0.2830078125 0.903125 0.27421875 0.9080078125 0.2791015625 0.916796875 0.29765625 0.9177734375
1 0.5642578125 0.901171875 0.553515625 0.9138671875 0.55546875 0.9197265625 0.584765625 0.9392578125 0.600390625 0.9275390625 0.592578125 0.9119140625 0.5740234375 0.89921875 0.5642578125 0.901171875
1 0.510546875 0.8337890625 0.5017578125 0.815234375 0.475390625 0.8142578125 0.4802734375 0.823046875 0.510546875 0.8337890625
1 0.3611328125 0.803515625 0.377734375 0.8025390625 0.38359375 0.7986328125 0.3787109375 0.79375 0.358203125 0.7927734375 0.3611328125 0.803515625
1 0.39140625 0.7537109375 0.4001953125 0.76640625 0.424609375 0.7732421875 0.43046875 0.7654296875 0.4177734375 0.75078125 0.4021484375 0.746875 0.39140625 0.7537109375
1 0.479296875 0.9099609375 0.4744140625 0.901171875 0.465625 0.9041015625 0.4705078125 0.9109375 0.479296875 0.9099609375
1 0.46171875 0.7986328125 0.4607421875 0.7859375 0.436328125 0.7830078125 0.4392578125 0.79375 0.46171875 0.7986328125
1 0.1541015625 0.76640625 0.18046875 0.7654296875 0.182421875 0.7595703125 0.1697265625 0.752734375 0.14921875 0.7576171875 0.1541015625 0.76640625
1 0.2266759859375 0.6936465562499999 0.225155365625 0.699332071875 0.23676717812499998 0.701627103125 0.253136084375 0.70050995625 0.2468063109375 0.6912539109375 0.23648951875000002 0.6905207156250001 0.2266759859375 0.6936465562499999