1 0.38239445 0.4087518375 0.3916109296875 0.4111921328125 0.402200075 0.3996878765625 0.40925950625 0.381211340625 0.3996508359375 0.36831262656249997 0.382786640625 0.3648264875 0.3745506375 0.37249599375 0.3745506375 0.3798168859375 0.365530253125 0.38713777656250004 0.3682755875 0.3944586671875 0.36866777812499996 0.408054609375 0.38239445 0.4087518375
1 0.41082826875 0.2644256921875 0.4212213203125 0.26268262343750004 0.430045609375 0.2511783640625 0.425339321875 0.2382796515625 0.413573603125 0.2358393546875 0.4082790296875 0.23095876093749998 0.40514150468750004 0.22363786874999997 0.39984693125000004 0.2288670765625 0.4016117890625 0.23897687968749998 0.39906255 0.2469949984375 0.4000430265625 0.2567561875 0.41082826875 0.2644256921875
1 0.38945388125 0.2668659890625 0.3929835953125 0.25710480156250004 0.3857280703125 0.25152697812499997 0.378864734375 0.2539672765625 0.3786686390625 0.26268262343750004 0.381217878125 0.2675632171875 0.38945388125 0.2668659890625
1 0.321875 0.4552734375 0.3267578125 0.4640625 0.33359375 0.4630859375 0.339453125 0.4513671875 0.3375 0.4416015625 0.3287109375 0.438671875 0.321875 0.4552734375
1 0.370703125 0.4513671875 0.374609375 0.4376953125 0.3638671875 0.434765625 0.3609375 0.4455078125 0.370703125 0.4513671875
1 0.355078125 0.3966796875 0.3609375 0.3888671875 0.3541015625 0.38203125 0.3453125 0.3908203125 0.355078125 0.3966796875
1 0.398046875 0.3595703125 0.405859375 0.3537109375 0.3951171875 0.352734375 0.3921875 0.3576171875 0.398046875 0.3595703125
1 0.40390625 0.2228515625 0.409765625 0.2228515625 0.421484375 0.2111328125 0.4166015625 0.165234375 0.40390625 0.1896484375 0.40390625 0.2228515625
1 0.66875 0 0.66875 0.23973480781249998 0.787439671875 0.231394975 0.856937740625 0.1953125 0.8646597484375 0.1025289953125 0.7913527765625 0 0.66875 0
1 0.66875 0.6 0 0.6 0 0.6839430890625 0.0609375 0.6958333328124999 0.0640625 0.7083333328125 0.0578125 0.7166666671875 0.071875 0.7125 0.0796875 0.7375 0.096875 0.75 0.103125 0.7770833328125 0.1453125 0.8020833328125001 0.2375 0.775 0.2890625 0.7979166671875 0.3234375 0.7979166671875 0.346875 0.8208333328125 0.365625 0.81875 0.39375 0.8395833328125001 0.43125 0.8541666671874999 0.490625 0.85625 0.534375 0.875 0.59375 0.875 0.60625 0.8666666671875 0.6015625 0.8895833328125 0.625 0.90625 0.66875 0.9143895343749999 0.66875 0.6
1 0.8842013890625001 0.8075424375000001 0.9189236109374999 0.7890239203125 0.9197916671874999 0.7504436734375 0.86944444375 0.718036265625 0.7704861109375 0.728838734375 0.7479166671875 0.7597029328125 0.765277778125 0.7967399687500001 0.8251736109374999 0.8152584875000001 0.8842013890625001 0.8075424375000001