1 0.22301945 0.2025018375 0.2322359296875 0.2049421328125 0.242825075 0.1934378765625 0.24988450625 0.174961340625 0.2402758359375 0.16206262656249998 0.22341164062500002 0.1585764875 0.21517563750000002 0.16624599375 0.21517563750000002 0.1735668859375 0.206155253125 0.1808877765625 0.20890058749999998 0.1882086671875 0.20929277812499997 0.20180460937500003 0.22301945 0.2025018375
1 0.25145326875 0.0581756921875 0.2618463203125 0.056432623437499996 0.270670609375 0.0449283640625 0.26596432187499996 0.0320296515625 0.254198603125 0.029589354687500003 0.24890402968749997 0.024708760937499998 0.2457665046875 0.01738786875 0.24047193125000002 0.022617076562499998 0.24223678906249999 0.0327268796875 0.23968755000000003 0.0407449984375 0.2406680265625 0.0505061875 0.25145326875 0.0581756921875
1 0.23007888125 0.0606159890625 0.2336085953125 0.050854801562499996 0.2263530703125 0.045276978125 0.21948973437500002 0.0477172765625 0.2192936390625 0.056432623437499996 0.221842878125 0.061313217187500005 0.23007888125 0.0606159890625
1 0.1625 0.2490234375 0.1673828125 0.2578125 0.17421875 0.2568359375 0.180078125 0.2451171875 0.178125 0.2353515625 0.1693359375 0.232421875 0.1625 0.2490234375
1 0.211328125 0.2451171875 0.215234375 0.2314453125 0.2044921875 0.228515625 0.2015625 0.2392578125 0.211328125 0.2451171875
1 0.195703125 0.1904296875 0.2015625 0.1826171875 0.1947265625 0.17578125 0.1859375 0.1845703125 0.195703125 0.1904296875
1 0.238671875 0.1533203125 0.246484375 0.1474609375 0.2357421875 0.146484375 0.2328125 0.1513671875 0.238671875 0.1533203125
1 0.24453125 0 0.24453125 0.0166015625 0.250390625 0.0166015625 0.262109375 0.0048828125 0.2615899265625 0 0.24453125 0
1 0.947018446875 0.3796875 0.99375 0.36777673593750004 1 0.349015009375 0.99875 0.34151031875000004 0.9887499999999999 0.33775797343749997 0.90625 0.3471388375 0.7875 0.33775797343749997 0.78 0.33963414687500004 0.78 0.3796875 0.947018446875 0.3796875
1 0.3072916671875 0.58221450625 0.39409722187499996 0.5636959875 0.33246527812500004 0.466473765625 0.13715277812499999 0.47418981406250005 0.13107638906250002 0.532831790625 0.14496527812499999 0.572955246875 0.3072916671875 0.58221450625
1 0.709375 0.85263538125 0.768359375 0.8615234375 0.8494140625 0.85078125 0.850390625 0.8458984375 0.7634765625 0.817578125 0.7419921875 0.81953125 0.7283203125 0.83125 0.709375 0.8360964750000001 0.709375 0.85263538125
1 0.8171875 0.8126953125 0.8376953125 0.829296875 0.8865234375 0.848828125 0.93046875 0.8498046875 0.932421875 0.8400390625 0.9197265625 0.829296875 0.8171875 0.7970703125 0.8171875 0.8126953125
1 0.709375 0.6527484296875 0.7117594406250001 0.6532613125 0.7390625 0.6463541671874999 0.7413208 0.6468526203125 0.7410970046875 0.641501871875 0.7346374515624999 0.6226725265624999 0.709375 0.6199443234375 0.709375 0.6527484296875
1 0.9106119796875 0.7369812015624999 0.9372945156250001 0.7634501140625 0.9864583328125001 0.76875 0.9791137687500001 0.7341634109375 0.9565205890625 0.722790528125 0.9106119796875 0.7369812015624999