1 0.3130990421875 0.6339712921875 0.3130990421875 0.6674641140625 0.3194888171875 0.6866028703125 0.37699680468749996 0.6937799046875 0.399361021875 0.6842105265625 0.396166134375 0.6698564593749999 0.369009584375 0.648325359375 0.3610223640625 0.6244019140625 0.3274760390625 0.619617225 0.3130990421875 0.6339712921875
1 0.5383386578125 0.531100478125 0.5239616609375 0.547846890625 0.5367412140625001 0.5598086125 0.5894568687499999 0.5765550234375 0.61980830625 0.57894736875 0.64376996875 0.5693779906249999 0.6405750796875 0.528708134375 0.576677315625 0.5239234453125 0.5383386578125 0.531100478125
1 0.7108626203124999 0.87799043125 0.70447284375 0.8995215312499999 0.70766773125 0.92105263125 0.7587859421875 0.9401913875 0.7987220453125 0.9354066984375 0.8115015968750001 0.9258373203125 0.8115015968750001 0.9043062203125001 0.7859424921875 0.8636363640625 0.752396165625 0.858851675 0.7108626203124999 0.87799043125
1 0.3051118203125 0.7846889953125 0.2939297125 0.7990430625 0.3146964859375 0.81818181875 0.3913738015625 0.8301435406250001 0.428115015625 0.8468899515625001 0.4456869015625 0.8373205734375 0.4424920125 0.808612440625 0.423322684375 0.7846889953125 0.3466453671875 0.7751196171875 0.3051118203125 0.7846889953125
1 0.17731629375 1 0.17412140625 0.9330143546875 0.1517571890625 0.8899521531250001 0.14696485625 0.8444976078125 0.1405750796875 0.8373205734375 0.0990415328125 0.8373205734375 0.073482428125 0.8708133968749999 0.0511182109375 1 0.17731629375 1
1 0.37220447343749996 0.23444976093749997 0.37699680468749996 0.2535885171875 0.367412140625 0.25837320625000004 0.2731629390625 0.25837320625000004 0.2715654953125 0.3062200953125 0.3162939296875 0.33971291875 0.4313099046875 0.3636363640625 0.43929712500000007 0.380382775 0.399361021875 0.389952153125 0.37699680468749996 0.387559809375 0.35303514375 0.370813396875 0.32587859375 0.370813396875 0.29233226874999996 0.392344496875 0.35303514375 0.4186602875 0.370607028125 0.45933014375000003 0.370607028125 0.48086124375 0.4073482421875 0.51913875625 0.40095846718750006 0.5598086125 0.423322684375 0.5693779906249999 0.47124600625 0.5645933015625 0.4744408953125 0.550239234375 0.4664536734375 0.5167464109375 0.487220446875 0.46411483281250004 0.5303514375 0.4617224875 0.5734824281249999 0.43779904375 0.5670926515625 0.3755980859375 0.5734824281249999 0.35406698593749997 0.5543130984375 0.3421052625 0.49361022343750005 0.3325358859375 0.4456869015625 0.23923445000000002 0.41373801875 0.22009569375 0.37699680468749996 0.22009569375 0.37220447343749996 0.23444976093749997
1 0.1246006390625 0.887559809375 0.1405750796875 0.901913875 0.14376996875 0.887559809375 0.135782746875 0.8755980859375001 0.1246006390625 0.887559809375
1 0.3194888171875 0.392344496875 0.340255590625 0.3947368421875 0.340255590625 0.380382775 0.32907348281250004 0.3732057421875 0.3194888171875 0.392344496875
1 0.3130990421875 0.31818181874999996 0.3322683703125 0.3253588515625 0.33386581406250004 0.3133971296875 0.3162939296875 0.2966507171875 0.3130990421875 0.31818181874999996
1 0.399361021875 0.24162679374999999 0.412140575 0.251196171875 0.4361022359375 0.2440191390625 0.4313099046875 0.23444976093749997 0.41533546250000003 0.232057415625 0.399361021875 0.24162679374999999
1 0.164536740625 0.210526315625 0.1677316296875 0.2224880375 0.191693290625 0.21770335 0.1853035140625 0.2009569375 0.1693290734375 0.2009569375 0.164536740625 0.210526315625
1 0.15015974375000002 0.35885167500000004 0.158146965625 0.370813396875 0.1789137375 0.35885167500000004 0.1725239609375 0.3468899515625 0.158146965625 0.3444976078125 0.15015974375000002 0.35885167500000004
1 0.49201277968749996 0.4473684203125 0.49201277968749996 0.45454545468749996 0.5335463265625 0.45933014375000003 0.5367412140625001 0.44258373281249996 0.52875399375 0.44258373281249996 0.49201277968749996 0.4473684203125
1 0.277955271875 0.26794258437499996 0.28434504843749997 0.289473684375 0.2987220453125 0.2751196171875 0.3322683703125 0.270334928125 0.32587859375 0.26076555 0.2939297125 0.26076555 0.277955271875 0.26794258437499996
1 0.42012779531250005 0.3062200953125 0.4073482421875 0.31818181874999996 0.47124600625 0.31818181874999996 0.46805111874999994 0.30382775156249997 0.4504792328125 0.30143540625 0.42012779531250005 0.3062200953125
1 0.4313099046875 0.5454545453125 0.4089456875 0.547846890625 0.40415335468749997 0.5574162671875 0.4313099046875 0.5693779906249999 0.45527156562500004 0.56220095625 0.4648562296875 0.5526315796875 0.4648562296875 0.5358851671875 0.45367412187499995 0.528708134375 0.4313099046875 0.5454545453125
1 0.28274760312499997 0.1770334921875 0.277955271875 0.19138755937500002 0.340255590625 0.19138755937500002 0.365814696875 0.18181818125 0.3594249203125 0.172248803125 0.32907348281250004 0.169856459375 0.28274760312499997 0.1770334921875
1 0.2987220453125 0.7942583734374999 0.3035143765625 0.8014354062500001 0.365814696875 0.808612440625 0.3785942484375 0.7990430625 0.365814696875 0.7822966499999999 0.308306709375 0.77990430625 0.2987220453125 0.7942583734374999
1 0.7268370609375 0.92105263125 0.7204472843749999 0.9354066984375 0.736421725 0.9449760765624999 0.8130990421875 0.949760765625 0.8083067093749999 0.930622009375 0.7539936109375 0.9162679421875 0.7268370609375 0.92105263125
1 0.512779553125 0.39952153125 0.5031948875000001 0.409090909375 0.4760383390625 0.4066985640625 0.4632587859375 0.44258373281249996 0.4904153359375 0.44497607656250004 0.485623003125 0.43062200937500006 0.49840255625 0.4186602875 0.5511182109375 0.428229665625 0.55910543125 0.4186602875 0.5527156546875001 0.39952153125 0.5383386578125 0.3971291859375 0.512779553125 0.39952153125
1 0.546325878125 0.5454545453125 0.546325878125 0.5574162671875 0.5575079875 0.571770334375 0.5942492015624999 0.5645933015625 0.61661341875 0.598086125 0.630990415625 0.598086125 0.635782746875 0.588516746875 0.635782746875 0.5574162671875 0.6277955265624999 0.54066985625 0.55910543125 0.5358851671875 0.546325878125 0.5454545453125