1 0.1194888171875 0.4287903703125 0.1769968046875 0.4359674046875 0.199361021875 0.42639802656250003 0.196166134375 0.41204395937499994 0.169009584375 0.390512859375 0.16102236406249998 0.3665894140625 0.1274760390625 0.361804725 0.1130990421875 0.3761587921875 0.1130990421875 0.4096516140625 0.1194888171875 0.4287903703125
1 0.3367412140625 0.3019961125 0.38945686875 0.3187425234375 0.41980830625000004 0.32113486875 0.44376996875 0.311565490625 0.4405750796875 0.270895634375 0.376677315625 0.2661109453125 0.3383386578125 0.273287978125 0.3239616609375 0.29003439062499997 0.3367412140625 0.3019961125
1 0.24448965 0.56875 0.2424920125 0.5507999406249999 0.22332268437499997 0.5268764953125 0.14664536718750001 0.5173071171875 0.10511182031249999 0.5268764953125 0.0939297125 0.5412305625 0.1146964859375 0.5603693187500001 0.16841852968749998 0.56875 0.24448965 0.56875
1 0.16853534375 0 0.167412140625 0.00056070625 0.0731629390625 0.00056070625 0.0715654953125 0.0484075953125 0.1162939296875 0.08190041875000001 0.2313099046875 0.1058238640625 0.239297125 0.12257027499999999 0.199361021875 0.132139653125 0.1769968046875 0.129747309375 0.15303514375 0.11300089687499999 0.12587859375 0.11300089687499999 0.09233226875 0.134531996875 0.15303514375 0.1608477875 0.170607028125 0.20151764375 0.170607028125 0.22304874375 0.2073482421875 0.26132625625 0.2009584671875 0.3019961125 0.22332268437499997 0.311565490625 0.27124600625 0.3067808015625 0.27444089531250004 0.292426734375 0.2664536734375 0.2589339109375 0.28722044687500004 0.2063023328125 0.33035143749999996 0.20390998749999997 0.373482428125 0.17998654375 0.36709265156250004 0.11778558593749999 0.373482428125 0.0962544859375 0.3543130984375 0.08429276249999999 0.2936102234375 0.0747233859375 0.255229325 0 0.16853534375 0
1 0.14025559062499998 0.12257027499999999 0.1290734828125 0.1153932421875 0.1194888171875 0.134531996875 0.14025559062499998 0.1369243421875 0.14025559062499998 0.12257027499999999
1 0.1338658140625 0.0555846296875 0.1162939296875 0.0388382171875 0.1130990421875 0.06036931875 0.1322683703125 0.0675463515625 0.1338658140625 0.0555846296875
1 0.3335463265625 0.20151764375 0.3367412140625 0.18477123281250002 0.32875399375000003 0.18477123281250002 0.2920127796875 0.1895559203125 0.2920127796875 0.19673295468750002 0.3335463265625 0.20151764375
1 0.09872204531249999 0.017307117187500002 0.1322683703125 0.012522428125000002 0.12587859375 0.00295305 0.0939297125 0.00295305 0.077955271875 0.010130084374999999 0.0843450484375 0.031661184375 0.09872204531249999 0.017307117187500002
1 0.27124600625 0.06036931875 0.26805111875 0.0460152515625 0.2504792328125 0.043622906249999996 0.22012779531249999 0.0484075953125 0.2073482421875 0.06036931875 0.27124600625 0.06036931875
1 0.2041533546875 0.2996037671875 0.2313099046875 0.311565490625 0.25527156562500003 0.30438845625 0.2648562296875 0.2948190796875 0.2648562296875 0.2780726671875 0.253674121875 0.270895634375 0.2313099046875 0.28764204531250004 0.20894568750000003 0.29003439062499997 0.2041533546875 0.2996037671875
1 0.165814696875 0.5507999406249999 0.1785942484375 0.5412305625 0.165814696875 0.5244841499999999 0.108306709375 0.52209180625 0.09872204531249999 0.5364458734374999 0.1035143765625 0.54362290625 0.165814696875 0.5507999406249999
1 0.27603833906249997 0.1488860640625 0.2632587859375 0.18477123281250002 0.2904153359375 0.1871635765625 0.285623003125 0.172809509375 0.29840255625 0.1608477875 0.3511182109375 0.170417165625 0.35910543125 0.1608477875 0.3527156546875 0.14170903125 0.3383386578125 0.1393166859375 0.312779553125 0.14170903125 0.3031948875 0.15127840937499998 0.27603833906249997 0.1488860640625
1 0.3575079875 0.31395783437499997 0.3942492015625 0.3067808015625 0.41661341875 0.34027362499999997 0.430990415625 0.34027362499999997 0.435782746875 0.330704246875 0.435782746875 0.2996037671875 0.4277955265625 0.28285735624999997 0.35910543125 0.2780726671875 0.346325878125 0.28764204531250004 0.346325878125 0.2996037671875 0.3575079875 0.31395783437499997
1 0.7014273390625 1 0.7079861109375 0.993537809375 0.710590278125 0.927179784375 0.6923611109375 0.8068094140625 0.65850694375 0.7898341046875 0.6411458328124999 0.7419945984374999 0.5838541671875 0.717303240625 0.58125 0.6941550921874999 0.5369791671875 0.6941550921874999 0.5317708328124999 0.695698303125 0.5083333328124999 0.71576003125 0.47447916718750005 0.7018711421875 0.4302083328125 0.7265625 0.41892361093749997 0.7620563265625 0.38506944375 0.7821180562500001 0.378125 0.8129822531249999 0.34079861093749997 0.8268711421875 0.3295138890625 0.8515625 0.311284721875 0.87008101875 0.31215277812500003 0.9055748453125 0.3295138890625 0.9565007718749999 0.3207752046875 1 0.4039148328125 1 0.420659721875 0.967303240625 0.438448634375 1 0.7014273390625 1