1 0.30921923125 0 0.315528846875 0.012617678125 0.3216826921875 0.017847803125 0.3470673078125 0.015755753125 0.36783653906249997 0.0011114015624999998 0.3668706296875 0 0.30921923125 0
1 0.3878365390625 0.1517390171875 0.40860576875000004 0.147554915625 0.4316826921875 0.1266344140625 0.429375 0.12035826406250001 0.40091346093749997 0.12349633906249999 0.3909134609375 0.1004837859375 0.365528846875 0.0952536609375 0.3624519234375 0.0973457109375 0.363990384375 0.11199006250000001 0.3878365390625 0.1517390171875
1 0.233966346875 0.449956696875 0.2647355765625 0.45226616562500005 0.293966346875 0.44302829062499993 0.293966346875 0.43840935312500007 0.27550480781250003 0.431480946875 0.2001201921875 0.42108833749999997 0.193966346875 0.425707275 0.1993509609375 0.43840935312500007 0.233966346875 0.449956696875
1 0.1578125 0.650880484375 0.1808894234375 0.6601183609375 0.221658653125 0.6578088921875 0.2455048078125 0.6485710156250001 0.241658653125 0.63817840625 0.171658653125 0.630095265625 0.1508894234375 0.6347142031249999 0.14704326875 0.640487875 0.1578125 0.650880484375
1 0.133197115625 0.9869081984375001 0.1901201921875 0.9869081984375001 0.2055048078125 0.9742061203125001 0.203966346875 0.9615040421875001 0.193966346875 0.95111143125 0.1678125 0.945337759375 0.1378125 0.945337759375 0.12396634687500001 0.9534209 0.12319711562499999 0.9742061203125001 0.133197115625 0.9869081984375001
1 0.459375 0.7844207078125 0.4055048078125 0.7744370671875 0.3878125 0.7917580828124999 0.3601201921875 0.7963770203125 0.3601201921875 0.8067696312500001 0.3747355765625 0.82755485 0.41165865312500005 0.8287095843750001 0.45935096093750005 0.8183169750000001 0.459375 0.818276378125 0.459375 0.7844207078125
1 0.0893509609375 0.7582707859375001 0.09627403906250001 0.7686633953124999 0.1162740390625 0.7848296765625 0.1455048078125 0.7998412234375001 0.17012019218750002 0.8090790999999999 0.18935096093749998 0.8102338343749999 0.22935096093750001 0.8067696312500001 0.23935096093750002 0.7975317546875 0.2262740390625 0.75480658125 0.2193509609375 0.7467234406250001 0.1678125 0.737485565625 0.103197115625 0.737485565625 0.091658653125 0.742104503125 0.08858173124999999 0.749032909375 0.0893509609375 0.7582707859375001
1 1 1 1 0.9585230218749998 0.99215225625 0.8772203953125001 0.9094454890625 0.8666940796875 0.7252349625 0.7982730265625 0.6726033828125 0.8140625 0.6124530078125 0.8824835531249999 0.64628759375 0.9351151312500001 0.6385632046875 1 1 1
1 0.88125 0.9220703125 0.8841796875 0.934765625 0.918359375 0.9337890625 0.9349609375 0.930859375 0.941796875 0.9162109375 0.9154296875 0.91328125 0.88125 0.9220703125
1 0.9820929281249999 1 0.975 0.9865234375 0.969140625 0.9533203125 0.93984375 0.9376953125 0.9349609375 0.911328125 0.8900390625 0.887890625 0.8685546875 0.868359375 0.8529296875 0.864453125 0.8294921875 0.841015625 0.7923828125 0.833203125 0.7064453125 0.83125 0.69375 0.8458984375 0.678125 0.8830078125 0.672265625 0.9201171875 0.672265625 0.9708984375 0.678125 0.9884765625 0.673003471875 1 0.9820929281249999 1
1 0.5664133125 0.7244666125 0.5496944484374999 0.7460281562500001 0.5703339515625 0.7762348046875001 0.6269290609375 0.783358940625 0.66255761875 0.7519780703125 0.66991029375 0.730530796875 0.6641061718750001 0.7051983484375001 0.619643371875 0.6930029953125001 0.59107984375 0.700808809375 0.5664133125 0.7244666125
1 0.6105608874999999 0.8088608234375 0.612117321875 0.8658420859374999 0.6862469453125 0.868884028125 0.74052119375 0.7971067875 0.7212923328125 0.7559972171875 0.6839536671875 0.7489006640625 0.6442350359375 0.7621008046875 0.6105608874999999 0.8088608234375
1 0.6768039625 1 0.6793198265625 0.9342936796875 0.693453828125 0.8481617781249999 0.722793603125 0.8107009625 0.7142864078125 0.769902678125 0.681368803125 0.7573329921875 0.6335448921875 0.77720806875 0.6080863531249999 0.8488552781250001 0.608953228125 0.9222598796875001 0.5998129359375 1 0.6768039625 1
1 0.60479616875 0.5771333453125 0.600777021875 0.6026588703125 0.6232566640625 0.6128328296875 0.6885481046875 0.6092865234375 0.7298192296874999 0.6024933765625 0.7002154515625 0.5796039390625001 0.6530180546875 0.5785558078124999 0.60479616875 0.5771333453125