1 0.459375 0.3990384609375 0.4637019234375 0.3990384609375 0.4709134609375 0.4134615390625 0.5069711531250001 0.4134615390625 0.5959134609375 0.3798076921875 0.5959134609375 0.372596153125 0.5838942312500001 0.372596153125 0.52860576875 0.396634615625 0.5165865390625 0.3822115390625 0.518990384375 0.3509615390625 0.49735576875 0.3389423078125 0.459375 0.336568509375 0.459375 0.3990384609375
1 0.7209134609375 0.057692307812499996 0.6391826921874999 0.07451923125 0.6391826921874999 0.10336538437500001 0.665625 0.12019230781250001 0.7257211531250001 0.125 0.737740384375 0.125 0.7329326921874999 0.11538461562499999 0.74735576875 0.1105769234375 0.749759615625 0.125 0.7641826921874999 0.1298076921875 0.8819711531250001 0.12259615312500001 0.8771634609374999 0.08413461562499999 0.8627403843749999 0.0769230765625 0.8138461156249999 0.0760868609375 0.7834134609375 0.057692307812499996 0.7209134609375 0.057692307812499996
1 0.6451171875 0.37109375 0.605078125 0.3857421875 0.6158203125 0.40234375 0.691015625 0.4052734375 0.710546875 0.3974609375 0.7046875 0.3818359375 0.6939453125 0.375 0.6451171875 0.37109375
1 0.8130859375 0 0.812109375 0.0009765625 0.8169921875 0.0078125 0.835546875 0.0068359375 0.84140625 0.0029296875 0.8410807296874999 0 0.8130859375 0
1 1 0.30869715000000003 0.95078125 0.3173828125 0.9537109375 0.32421875 1 0.32694163593750003 1 0.30869715000000003
1 0.9181640625 0 0.909765625 0.0009765625 0.905859375 0.0166015625 0.9126953125 0.025390625 0.94296875 0.0283203125 0.9703125 0.0205078125 0.9673828125 0.013671875 0.956640625 0.0126953125 0.9529067093750001 0 0.9181640625 0
1 0.5220906578125 0.12791951562499998 0.56084798125 0.12926228906249998 0.61875 0.1015625 0.602158609375 0.0679016109375 0.5182759609375001 0.0921630859375 0.5220906578125 0.12791951562499998
1 0.5832173671875001 0.5257568359375 0.6023518875 0.567138671875 0.684962971875 0.52875773125 0.7463541671874999 0.4791666671875 0.7400980625 0.4575805671875 0.615576171875 0.48768107031249996 0.5832173671875001 0.5257568359375
1 0.546392821875 0.44614664687500005 0.5920674640625 0.460388184375 0.6916666671874999 0.4557291671875 0.709478759375 0.42774454687499996 0.601700846875 0.4042460125 0.546392821875 0.44614664687500005
1 0.344795284375 1 0.3453125 0.9985146609375001 0.33836805625 0.9414158953125 0.32881944375 0.8796875 0.2984375 0.8380208328125001 0.2654513890625 0.821045525 0.25069444375 0.79481095625 0.20989583281250002 0.7917245375 0.1907986109375 0.8148726859375 0.162152778125 0.7963541671875001 0.1265625 0.8148726859375 0.09618055625000001 0.8349344140625 0.09618055625000001 0.851909721875 0.068402778125 0.870428240625 0.06493055625000001 0.8935763890625001 0.024131943750000003 0.9213541671875 0.0032986109375000004 0.9383294750000001 0 0.964131940625 0 0.97428009375 0.013395784375 1 0.344795284375 1
1 0.459375 0.7961997015625 0.64068181875 0.8259221312499999 0.7170454546875 0.8095286890625 0.7897727265625 0.7658128421875 0.76068181875 0.678381146875 0.6188636359374999 0.6729166671875 0.5788636359375 0.683845628125 0.52068181875 0.7384904375 0.459375 0.7481880921874999 0.459375 0.7961997015625