1 0.44383180624999996 0.4390625 0.42760962031250005 0.382800340625 0.401431609375 0.3516719359375 0.3098085734375 0.2933061765625 0.2103321328125 0.2660688234375 0.17368291875 0.281633025 0.16321171406249999 0.3088703796875 0.1552489890625 0.4390625 0.44383180624999996 0.4390625
1 0.9217013890625001 0.362249228125 0.9564236109375 0.37459490781250004 0.9920138890625001 0.3653356484375 0.9694444437499999 0.3298418203125 0.9416666671874999 0.3267554015625 0.903472221875 0.34527392031250004 0.9217013890625001 0.362249228125
1 0.48637045937499995 0.7683891890625001 0.406747003125 0.72900471875 0.37848624375 0.732237534375 0.36821899375 0.7745803953125 0.4253349703125 0.8178023781249999 0.48337391875 0.8301056578124999 0.48637045937499995 0.7683891890625001
1 0.0189233140625 0.74407108125 0.092692 0.706334809375 0.14662986875 0.6712606140625 0.029620459375 0.697638040625 0.0189233140625 0.74407108125
1 0.3873046875 0.717578125 0.3755859375 0.71953125 0.362890625 0.7458984375 0.36484375 0.7615234375 0.3990234375 0.79375 0.425390625 0.7986328125 0.42734375 0.7888671875 0.44296875 0.7791015625 0.441015625 0.7556640625 0.3873046875 0.717578125
1 0.487890625 0.7849609375 0.4693359375 0.772265625 0.4439453125 0.772265625 0.441015625 0.7556640625 0.4146484375 0.733203125 0.3990234375 0.729296875 0.3873046875 0.717578125 0.3755859375 0.71953125 0.362890625 0.7458984375 0.36875 0.7693359375 0.4009765625 0.795703125 0.42734375 0.8005859375 0.42734375 0.7947265625 0.4439453125 0.783984375 0.4712890625 0.791796875 0.487890625 0.7849609375
1 0.0875 0.7263671875 0.0904296875 0.73515625 0.1314453125 0.748828125 0.18515625 0.7498046875 0.2095703125 0.744921875 0.214453125 0.7380859375 0.1197265625 0.7234375 0.0875 0.7263671875
1 0.456640625 0.7244140625 0.4634765625 0.73515625 0.478125 0.7380859375 0.48203125 0.7283203125 0.4771484375 0.721484375 0.4615234375 0.71953125 0.456640625 0.7244140625
1 0.1666015625 0.68046875 0.1294921875 0.682421875 0.0640625 0.7029296875 0.0728515625 0.71171875 0.093359375 0.7107421875 0.1275390625 0.7078125 0.1646484375 0.694140625 0.16953125 0.6853515625 0.1666015625 0.68046875
1 0.372653715625 0.684804159375 0.35170038125 0.68895190625 0.36074114062499996 0.707193403125 0.38208466875 0.70466495625 0.40250734218749995 0.703911884375 0.393509503125 0.68811689375 0.372653715625 0.684804159375
1 0.2978733296875 0.7447611343749999 0.27730238281249997 0.7438090640625 0.2768185453125 0.75245963125 0.2892500765625 0.7602595796875 0.3295296453125 0.765718371875 0.35374889062500003 0.768125859375 0.3558988515625 0.7570990203125 0.330875809375 0.74830408125 0.2978733296875 0.7447611343749999
1 0.40672532187500005 0.6919407796874999 0.41867691718750005 0.6992022625000001 0.42244617656249994 0.6848002578125 0.4032877265625 0.6796106984375 0.40672532187500005 0.6919407796874999
1 0.3305285375 0.6588563609375 0.3298847203125 0.6703553328125 0.34296007031250003 0.6746201359375 0.359742246875 0.6772266218749999 0.36982482031249997 0.66515796875 0.3535420890625 0.6617086671875001 0.3305285375 0.6588563609375
1 0.2396058890625 0.655609959375 0.25417957812499997 0.661603315625 0.273837475 0.6602454468750001 0.275359225 0.6528512984375 0.25352795625 0.6494800359375 0.2396058890625 0.655609959375
1 0.4890625 0.973304325 0.5125 0.9632533999999999 0.6537499999999999 0.9482440203125 0.68625 0.9294822937500001 0.6975 0.9032158765624999 0.6925 0.8731971156250001 0.675 0.863816253125 0.6637500000000001 0.8469306984374999 0.6287499999999999 0.8300451453125 0.49124999999999996 0.818788109375 0.4890625 0.819367515625 0.4890625 0.973304325