1 0.36 0.6900000000000001 0.4033333328125 0.6849999999999999 0.4 0.67 0.37 0.67 0.36 0.6900000000000001
1 0.3466666671875 0.385 0.42000000000000004 0.38 0.37 0.365 0.3466666671875 0.385
1 0.71 0.47000000000000003 0.77 0.475 0.7633333328125 0.45499999999999996 0.73 0.45 0.71 0.47000000000000003
1 0.5900000000000001 0.635 0.6733333328125 0.63 0.6633333328125001 0.615 0.6066666671875 0.615 0.5900000000000001 0.635
1 0.6799999999999999 0.9800000000000001 0.6966666671875 0.9949999999999999 0.7533333328125 0.985 0.71 0.96 0.6799999999999999 0.9800000000000001
1 0.5333333328125 0.79 0.5466666671875 0.805 0.5966666671875 0.805 0.5833333328125 0.775 0.5433333328125001 0.775 0.5333333328125 0.79
1 0.48666666718749996 0.44000000000000006 0.5166666671875 0.45499999999999996 0.5733333328125 0.445 0.5633333328125001 0.42000000000000004 0.5133333328125 0.42000000000000004 0.48666666718749996 0.44000000000000006
1 0.2133333328125 0.495 0.1933333328125 0.525 0.22999999999999998 0.5349999999999999 0.2533333328125 0.505 0.30333333281249997 0.495 0.2766666671875 0.485 0.2133333328125 0.495
1 0.6233333328125 0.4 0.7466666671875 0.41 0.71 0.38 0.67 0.375 0.6233333328125 0.4
1 0.3133333328125 0.48 0.46333333281250005 0.495 0.5 0.475 0.3933333328125 0.45999999999999996 0.3133333328125 0.48
1 0.7 0.615 0.7366666671875 0.635 0.86 0.62 0.8400000000000001 0.6 0.79 0.595 0.7 0.615
1 0.3966666671875 0.62 0.41 0.64 0.45 0.645 0.46333333281250005 0.6799999999999999 0.49000000000000005 0.6599999999999999 0.4933333328125 0.615 0.4066666671875 0.6 0.3966666671875 0.62
1 0.37333333281250003 0.5700000000000001 0.48666666718749996 0.575 0.5 0.595 0.5566666671875 0.58 0.5533333328125 0.5650000000000001 0.4233333328125 0.54 0.37333333281250003 0.5700000000000001
1 0.6033333328125 0.675 0.6366666671875 0.6950000000000001 0.7766666671875 0.705 0.8366666671875 0.6900000000000001 0.8133333328125 0.6599999999999999 0.6233333328125 0.655 0.6033333328125 0.675
1 0.5166666671875 0.515 0.82 0.55 0.8633333328124999 0.585 0.9766666671875001 0.58 1 0.5599999999999999 0.9933333328125 0.545 0.95 0.545 0.8566666671875 0.5599999999999999 0.7833333328125 0.515 0.54 0.5 0.5166666671875 0.515