1 0.196875 0.29500000000000004 0.166875 0.29500000000000004 0.15687500000000001 0.315 0.2002083328125 0.31 0.196875 0.29500000000000004
1 0.1552083328125 0 0.1435416671875 0.01 0.216875 0.005 0.2002083328125 0 0.1552083328125 0
1 0.46020833281250006 0.24 0.40354166718749995 0.24 0.38687499999999997 0.26 0.4702083328125 0.255 0.46020833281250006 0.24
1 0.3935416671875 0.43 0.3802083328125 0.4 0.34020833281249996 0.4 0.3302083328125 0.41500000000000004 0.3435416671875 0.43 0.3935416671875 0.43
1 0.3702083328125 0.06999999999999999 0.3602083328125 0.045 0.3102083328125 0.045 0.2835416671875 0.065 0.3135416671875 0.08 0.3702083328125 0.06999999999999999
1 0 0.1526704546875 0.026875 0.16 0.0502083328125 0.13 0.1002083328125 0.12 0.0735416671875 0.11000000000000001 0.0102083328125 0.12 0 0.13531249843749998 0 0.1526704546875
1 0.51875 0.014715909374999999 0.506875 0.005 0.46687500000000004 0 0.42020833281250003 0.025 0.51875 0.0329898640625 0.51875 0.014715909374999999
1 0.296875 0.1 0.1902083328125 0.08499999999999999 0.1102083328125 0.10500000000000001 0.2602083328125 0.12 0.296875 0.1
1 0.246875 0.27 0.2602083328125 0.305 0.286875 0.28500000000000003 0.29020833281249997 0.24 0.20354166718750002 0.225 0.19354166718750002 0.24500000000000002 0.206875 0.265 0.246875 0.27
1 0.296875 0.22000000000000003 0.3535416671875 0.205 0.35020833281249997 0.19 0.22020833281250002 0.16499999999999998 0.1702083328125 0.195 0.2835416671875 0.2 0.296875 0.22000000000000003
1 0.51875 0.2825932015625 0.42020833281250003 0.27999999999999997 0.4002083328125 0.3 0.4335416671875 0.32 0.51875 0.326086309375 0.51875 0.2825932015625
1 0.51875 0.136211471875 0.336875 0.125 0.3135416671875 0.13999999999999999 0.51875 0.163677884375 0.51875 0.136211471875
1 0.51875 0.559375 0.7474522734375 0.559375 0.906534090625 0.3706454921875 0.9210795453125 0.2832137984375 0.9610795453125001 0.23949795156250003 0.964715909375 0.212175546875 0.815625 0.0864924859375 0.75744318125 0.0974214484375 0.5283522734375 0.05917008124999999 0.51875 0.065354215625 0.51875 0.559375
1 0 0.559375 0 1 0.51875 1 0.51875 0.7448096265624999 0.39375 0.7063244046875 0.2170833328125 0.5932291671875001 0.07015625 0.559375 0 0.559375
1 0.5395739500000001 0.559375 0.51875 0.574049553125 0.51875 0.9276913312499999 0.5587500000000001 0.9732962578125001 0.59641479375 1 0.8873448359375 1 0.95 0.9883621703125 1 0.953208371875 1 0.6399629234375 0.99875 0.630546728125 0.99125 0.613597575 0.925 0.5683998359375 0.919009765625 0.559375 0.5395739500000001 0.559375