1 0.3875 0.41531250000000003 0.35750000000000004 0.41531250000000003 0.34750000000000003 0.43531250000000005 0.3908333328125 0.4303125 0.3875 0.41531250000000003
1 0.35750000000000004 0.1103125 0.3341666671875 0.1303125 0.40750000000000003 0.1253125 0.35750000000000004 0.1103125
1 0.6 0.3603125 0.5941666671875 0.3603125 0.5775 0.3803125 0.6 0.3789625 0.6 0.3603125
1 0.5841666671875 0.5503125 0.5708333328124999 0.5203125 0.5308333328125 0.5203125 0.5208333328125 0.5353125000000001 0.5341666671875 0.5503125 0.5841666671875 0.5503125
1 0.5608333328125 0.1903125 0.5508333328125 0.1653125 0.5008333328125001 0.1653125 0.47416666718749995 0.1853125 0.5041666671875 0.20031249999999998 0.5608333328125 0.1903125
1 0.21749999999999997 0.2803125 0.2408333328125 0.2503125 0.2908333328125 0.2403125 0.2641666671875 0.2303125 0.2008333328125 0.2403125 0.1808333328125 0.2703125 0.21749999999999997 0.2803125
1 0.4875 0.2203125 0.3808333328125 0.2053125 0.3008333328125 0.22531249999999997 0.45083333281250004 0.2403125 0.4875 0.2203125
1 0.4375 0.3903125 0.45083333281250004 0.4253125 0.47750000000000004 0.40531249999999996 0.4808333328125 0.3603125 0.39416666718750004 0.3453125 0.38416666718750003 0.36531250000000004 0.3975 0.3853125 0.4375 0.3903125
1 0.4875 0.3403125 0.5441666671875 0.3253125 0.5408333328125 0.3103125 0.4108333328125 0.28531249999999997 0.3608333328125 0.3153125 0.47416666718749995 0.3203125 0.4875 0.3403125
1 0.6 0.5890625 1 0.5890625 1 0.2622280375 0.925 0.23913690468749998 0.7483333328125 0.1260416671875 0.6 0.0918634796875 0.6 0.5890625
1 0.6 0.7992590203125 0.547176640625 0.7992590203125 0.4043194984375 0.8198775765625002 0.3695704640625 0.8456507734375001 0.3695704640625 0.8662693296875 0.43520752968750004 0.8920425250000001 0.531732625 0.897197165625 0.6 0.8730717484374999 0.6 0.7992590203125
1 1 0.7698080546874999 0.8059489671875 0.742456896875 0.7646645640624999 0.70366379375 0.7187930046875 0.6993534484375 0.6591599765625 0.746767240625 0.6 0.7446291656249999 0.6 0.9343689734374999 0.69127006875 0.9321120687500001 0.7187930046875 0.966594828125 0.7646645640624999 0.970905171875 0.8105361234374999 0.9321120687500001 1 0.9224887875000001 1 0.7698080546874999