1 0.7022797125 0.41875 0.7022797125 0.41581439375 0.708837090625 0.41581439375 0.708837090625 0.4097537875 0.7153944671875 0.4097537875 0.7186731562500001 0.397632575 0.72195184375 0.397632575 0.72195184375 0.3855113640625 0.728509221875 0.37945075781250004 0.728509221875 0.3673295453125 0.7317879093749999 0.3673295453125 0.7317879093749999 0.33096590937500003 0.7252305328124999 0.324905303125 0.7252305328124999 0.318844696875 0.7153944671875 0.318844696875 0.7153944671875 0.312784090625 0.6924436468749999 0.312784090625 0.6924436468749999 0.318844696875 0.6858862703125 0.318844696875 0.6858862703125 0.324905303125 0.6793288937499999 0.324905303125 0.6793288937499999 0.33096590937500003 0.6727715156249999 0.33096590937500003 0.6727715156249999 0.33702651562499997 0.669492828125 0.33702651562499997 0.6662141390625 0.3733901515625 0.6596567625 0.37945075781250004 0.6596567625 0.3855113640625 0.6563780734375 0.3855113640625 0.6563780734375 0.3915719703125 0.6530993859375 0.3915719703125 0.6530993859375 0.397632575 0.649820696875 0.397632575 0.649820696875 0.40369318125 0.6465420078124999 0.40369318125 0.6465420078124999 0.41581439375 0.6497182374999999 0.41875 0.7022797125 0.41875
1 0.741623975 0.2582386359375 0.751460040625 0.2582386359375 0.7547387296875 0.2703598484375 0.7744108609375 0.2764204546875 0.7744108609375 0.28248106093750003 0.7875256140625 0.28248106093750003 0.7875256140625 0.2764204546875 0.7973616796874999 0.2764204546875 0.7973616796874999 0.2703598484375 0.8039190578125 0.2703598484375 0.8071977453125001 0.2582386359375 0.810476434375 0.2582386359375 0.810476434375 0.25217802968749997 0.8137551234375 0.25217802968749997 0.8137551234375 0.246117425 0.8203125 0.246117425 0.8203125 0.24005681874999998 0.8235911890625001 0.24005681874999998 0.8235911890625001 0.22793560624999998 0.830148565625 0.221875 0.830148565625 0.20369318125000002 0.8268698765625 0.20369318125000002 0.8268698765625 0.197632575 0.8203125 0.197632575 0.8203125 0.1915719703125 0.8137551234375 0.1915719703125 0.8137551234375 0.1855113640625 0.7940829921875 0.1794507578125 0.7940829921875 0.17339015156249998 0.7875256140625 0.17339015156249998 0.7875256140625 0.1673295453125 0.767853484375 0.1612689390625 0.767853484375 0.1552083328125 0.7547387296875 0.1552083328125 0.7547387296875 0.1491477265625 0.7350665984375 0.1491477265625 0.7350665984375 0.1552083328125 0.7252305328124999 0.1552083328125 0.7252305328124999 0.1612689390625 0.7186731562500001 0.1612689390625 0.7186731562500001 0.1673295453125 0.712115778125 0.1673295453125 0.7055584015624999 0.1915719703125 0.708837090625 0.1915719703125 0.708837090625 0.2097537875 0.7153944671875 0.21581439375000003 0.7153944671875 0.221875 0.7186731562500001 0.221875 0.7186731562500001 0.22793560624999998 0.72195184375 0.22793560624999998 0.72195184375 0.2339962125 0.728509221875 0.2339962125 0.7317879093749999 0.246117425 0.7383452875 0.246117425 0.741623975 0.2582386359375
1 1 0.060456123437499995 0.9875256140625 0.06429924218750001 0.9875256140625 0.058238635937500005 0.9645747953124999 0.058238635937500005 0.9645747953124999 0.06429924218750001 0.9383452875 0.07035984843750001 0.9252305328125001 0.0946022734375 0.9219518437499999 0.13702651562499998 0.928509221875 0.1491477265625 0.9580174187499999 0.1612689390625 0.9580174187499999 0.1673295453125 0.9875256140625 0.1673295453125 0.9875256140625 0.17339015156249998 1 0.17424417812499998 1 0.060456123437499995
1 0.94375 0.3455078125 0.94765625 0.3611328125 0.9564453125 0.36796875 0.973046875 0.3669921875 0.976953125 0.3533203125 0.97109375 0.3416015625 0.9486328125 0.33671875 0.94375 0.3455078125
1 0.7904296875 0.39921875 0.8021484375 0.39921875 0.8119140625 0.4109375 0.824609375 0.4099609375 0.840234375 0.3923828125 0.8333984375 0.3796875 0.785546875 0.3806640625 0.7904296875 0.39921875
1 0.5296875 0.41875 0.5711774546874999 0.41875 0.582421875 0.4060546875 0.582421875 0.3611328125 0.5697265625 0.3484375 0.5345703125 0.350390625 0.5296875 0.35301983125 0.5296875 0.41875
1 0.6869140625 0.2390625 0.6400390625 0.2625 0.62734375 0.2791015625 0.621484375 0.2966796875 0.625390625 0.3162109375 0.6361328125 0.3328125 0.646875 0.3337890625 0.676171875 0.3064453125 0.691796875 0.2751953125 0.691796875 0.2458984375 0.6869140625 0.2390625
1 0.660546875 0.0974609375 0.6771484375 0.09453125 0.683984375 0.0798828125 0.68203125 0.0369140625 0.6439453125 0.01640625 0.6380859375 0.01640625 0.629296875 0.0330078125 0.6126953125 0.045703125 0.5736328125 0.03984375 0.5609375 0.0505859375 0.56875 0.0857421875 0.586328125 0.1150390625 0.58828125 0.1443359375 0.6009765625 0.155078125 0.617578125 0.1560546875 0.6400390625 0.155078125 0.6546875 0.1423828125 0.660546875 0.1326171875 0.660546875 0.0974609375
1 0.8509765625 0.069140625 0.8392578125 0.059375 0.8236328125 0.057421875 0.8099609375 0.07109375 0.79140625 0.0759765625 0.789453125 0.1228515625 0.8060546875 0.1375 0.84609375 0.1384765625 0.855859375 0.1228515625 0.87734375 0.1072265625 0.865625 0.0974609375 0.8509765625 0.069140625
1 0.724625 0 0.726953125 0.0291015625 0.73671875 0.0544921875 0.7513671875 0.07109375 0.781640625 0.0779296875 0.808984375 0.0486328125 0.8265625 0.0095703125 0.8265625 0 0.724625 0
1 0.8533935546875 0 0.851953125 0.0115234375 0.8626953125 0.03203125 0.910546875 0.0330078125 0.94375 0.0017578125 0.9436465999999999 0 0.8533935546875 0
1 0.9095703125 0.252734375 0.906640625 0.2654296875 0.9173828125 0.27421875 0.926171875 0.2732421875 0.9359375 0.2693359375 0.933984375 0.2595703125 0.9212890625 0.25078125 0.9095703125 0.252734375
1 0.851953125 0.3162109375 0.848046875 0.3357421875 0.8568359375 0.350390625 0.89296875 0.3494140625 0.91640625 0.3220703125 0.9115234375 0.307421875 0.8666015625 0.30546875 0.851953125 0.3162109375
1 0.912109375 0.41875 0.914453125 0.4177734375 0.887109375 0.3962890625 0.887109375 0.3806640625 0.8890625 0.3533203125 0.90859375 0.3357421875 0.91640625 0.3142578125 0.9076171875 0.30546875 0.8646484375 0.30546875 0.848046875 0.3240234375 0.851953125 0.3455078125 0.863671875 0.3591796875 0.8578125 0.3748046875 0.859765625 0.3962890625 0.87099609375 0.41875 0.912109375 0.41875
1 0.8421875 0.2986328125 0.844140625 0.2732421875 0.8216796875 0.2703125 0.82265625 0.2927734375 0.8421875 0.2986328125
1 0.7884765625 0.33671875 0.7875 0.3748046875 0.82265625 0.3767578125 0.832421875 0.3611328125 0.828515625 0.3494140625 0.8119140625 0.33671875 0.7884765625 0.33671875
1 0.13282326875 0.45095678125000005 0.101830284375 0.43780824375 0.0852772140625 0.43843436406249997 0.0733026515625 0.44907841875 0.0606237046875 0.45033066093749996 0.05357984375 0.45909635312499997 0.05674958125 0.46786204531250003 0.0634412484375 0.4634792 0.1025346703125 0.47099265 0.132471075 0.4778799796875 0.157828971875 0.47099265 0.154307040625 0.46222695781249995 0.13282326875 0.45095678125000005
1 1 0.788421475 0.9685546875 0.7755208328125001 0.9548828125 0.7859375 0.9001953125 0.7911458328125001 0.89921875 0.8393229171875 0.9099609375 0.8432291671875 0.9158203125 0.8354166671875 0.92265625 0.8419270828125001 0.92265625 0.86015625 0.9421875 0.8940104171875 0.932421875 0.92265625 0.944140625 0.9434895828125001 0.9802734375 0.9916666671875 1 0.9936899046875001 1 0.788421475
1 0.9294921875 0.6713541671875 0.908984375 0.6856770828125001 0.9080078125 0.7104166671875 0.9275390625 0.7234375 0.944140625 0.7221354171875 0.96171875 0.7091145828125001 0.963671875 0.68828125 0.9568359375 0.6791666671875 0.9294921875 0.6713541671875
1 0.8787109375 0.6348958328125001 0.903125 0.6361979171875 0.905078125 0.62578125 0.8982421875 0.6166666671875001 0.869921875 0.6231770828125001 0.8787109375 0.6348958328125001