1 0.077313746875 0.4885540703125 0.037320362499999996 0.47077111875 0.010104146875000001 0.49724537187499995 0.038986726562500004 0.5167103578125001 0.068981796875 0.51522846875 0.077313746875 0.4885540703125
1 0.2756141171875 0.30331511093749997 0.25145145 0.3062789453125 0.2173958140625 0.32317129843750003 0.240619953125 0.3522181859375 0.2672821671875 0.346290515625 0.2756141171875 0.30331511093749997
1 0.46875 0.313866571875 0.46058338125000003 0.3122065578125 0.4255892171875 0.3122065578125 0.3673958140625 0.315763890625 0.39726063749999996 0.36703730156250003 0.4514183125 0.3655554125 0.46875 0.3599506640625 0.46875 0.313866571875
1 0.37143154218749996 0.37741069375 0.33093748125 0.38798611250000004 0.3547676421875 0.42038609843749997 0.38976180625 0.42038609843749997 0.41059168125 0.4085308171875 0.3989270015625 0.38185641875 0.37143154218749996 0.37741069375
1 0.3331046484375 0.23662908593749998 0.29343748125 0.24354166875 0.311441528125 0.2810864359375 0.3539345234375 0.23662908593749998 0.3331046484375 0.23662908593749998
1 0.46875 0.324393503125 0.4677734375 0.323828125 0.3955078125 0.31796875 0.3671875 0.3228515625 0.3701171875 0.331640625 0.4189453125 0.34921875 0.46875 0.3482421875 0.46875 0.324393503125
1 0.2890625 0.2408203125 0.2998046875 0.25546875 0.31640625 0.2544921875 0.3427734375 0.2515625 0.35546875 0.2388671875 0.3115234375 0.2359375 0.2890625 0.2408203125
1 0.216796875 0.3248046875 0.2236328125 0.33359375 0.259765625 0.3345703125 0.2763671875 0.3296875 0.279296875 0.3169921875 0.2431640625 0.312109375 0.216796875 0.3248046875
1 0.0732421875 0.296484375 0.103515625 0.2955078125 0.11328125 0.2876953125 0.0791015625 0.28671875 0.072265625 0.2916015625 0.0732421875 0.296484375
1 0.216796875 0.3248046875 0.2236328125 0.33359375 0.259765625 0.3345703125 0.2763671875 0.3296875 0.279296875 0.3169921875 0.2431640625 0.312109375 0.216796875 0.3248046875
1 0.2666015625 0.259375 0.255859375 0.2662109375 0.2607421875 0.27890625 0.2890625 0.2798828125 0.3076171875 0.275 0.310546875 0.2681640625 0.2998046875 0.259375 0.2666015625 0.259375
1 0.025390625 0.5064453125 0.0302734375 0.5171875 0.052734375 0.5162109375 0.06640625 0.5064453125 0.0654296875 0.495703125 0.0458984375 0.495703125 0.025390625 0.5064453125
1 1 0.2864969140625 0.9833333328125 0.2864969140625 0.973784721875 0.314274690625 0.9885416671874999 0.3543981484375 1 0.3543981484375 1 0.2864969140625
1 1 0.5926033734375 0.9508794046875 0.5412046109374999 0.8787240046874999 0.5342257312500001 0.7783593171875001 0.564236884375 0.7132329171875 0.6136539937500001 0.7049575109375 0.6520203875 0.7736111250000001 0.70168888125 0.863877446875 0.7209007046875 0.9747729203125001 0.704595925 1 0.6715163765625001 1 0.5926033734375
1 0.55175175 0.621940703125 0.537919971875 0.6565594609375001 0.5834190828125 0.676003784375 0.6365356515625 0.6555192046875 0.687568684375 0.610537196875 0.692597596875 0.610709565625 0.6542804875 0.6027322515625 0.55175175 0.621940703125