1 0.356682959375 0.3168266890625 0.277059503125 0.27744221874999997 0.24879874375000002 0.280675034375 0.23853149375 0.32301789531249997 0.2956474703125 0.366239878125 0.35368641875 0.3785431578125 0.356682959375 0.3168266890625
1 0.2576171875 0.266015625 0.2458984375 0.26796875 0.233203125 0.2943359375 0.23515625 0.3099609375 0.2693359375 0.3421875 0.295703125 0.3470703125 0.29765625 0.3373046875 0.31328125 0.3275390625 0.311328125 0.3041015625 0.2576171875 0.266015625
1 0.358203125 0.3333984375 0.3396484375 0.320703125 0.3142578125 0.320703125 0.311328125 0.3041015625 0.2849609375 0.281640625 0.2693359375 0.277734375 0.2576171875 0.266015625 0.2458984375 0.26796875 0.233203125 0.2943359375 0.2390625 0.3177734375 0.2712890625 0.344140625 0.29765625 0.3490234375 0.29765625 0.3431640625 0.3142578125 0.332421875 0.3416015625 0.340234375 0.358203125 0.3333984375
1 0 0.2966796875 0.0017578125 0.297265625 0.05546875 0.2982421875 0.0798828125 0.293359375 0.084765625 0.2865234375 0 0.2734153515625 0 0.2966796875
1 0.326953125 0.2728515625 0.3337890625 0.28359375 0.3484375 0.2865234375 0.35234375 0.2767578125 0.3474609375 0.269921875 0.3318359375 0.26796875 0.326953125 0.2728515625
1 0 0.2554584703125 0.0349609375 0.242578125 0.03984375 0.2337890625 0.0369140625 0.22890625 0 0.23084909531250003 0 0.2554584703125
1 0.242966215625 0.23324165937500002 0.22201288125000002 0.23738940625 0.23105364062499997 0.25563090312500003 0.25239716875 0.25310245625 0.2728198421875 0.252349384375 0.263822003125 0.23655439375 0.242966215625 0.23324165937500002
1 0.4058442578125 0.3146787296875 0.3878134640625 0.32767994218749996 0.4106163109375 0.34676425625 0.43982221718750003 0.3535223890625 0.4456009671875 0.3395456953125 0.435600334375 0.31658286874999997 0.4058442578125 0.3146787296875
1 0.38987758125 0.29262115 0.37128100937499997 0.30173214375 0.383408190625 0.313574484375 0.417846578125 0.3115688953125 0.418365534375 0.3101993203125 0.41171665468749996 0.29367466875 0.38987758125 0.29262115
1 0.1681858296875 0.293198634375 0.1476148828125 0.2922465640625 0.14713104531250001 0.30089713125 0.1595625765625 0.30869707968750004 0.1998421453125 0.314155871875 0.22406139062500002 0.316563359375 0.2262113515625 0.3055365203125 0.20118830937499999 0.29674158125 0.1681858296875 0.293198634375
1 0.277037821875 0.24037827968749997 0.2889894171875 0.24763976250000003 0.2927586765625 0.2332377578125 0.2736002265625 0.22804819843750002 0.277037821875 0.24037827968749997
1 0.20084103749999999 0.2072938609375 0.20019722031249998 0.2187928328125 0.21327257031250002 0.2230576359375 0.230054746875 0.225664121875 0.24013732031249999 0.21359546875 0.22385458906250003 0.2101461671875 0.20084103749999999 0.2072938609375
1 0.1099183890625 0.204047459375 0.124492078125 0.210040815625 0.14414997499999999 0.208682946875 0.145671725 0.20128879843749997 0.12384045625 0.1979175359375 0.1099183890625 0.204047459375
1 0.52061089375 0.55 0.5029513890625 0.5661458328125 0.46875 0.5913566140625 0.46875 0.593532665625 0.5064236109375 0.624787809375 0.5567708328125 0.6340470671875 0.60625 0.6433063265625 0.640972221875 0.64793595625 0.65225694375 0.624787809375 0.64444444375 0.609355709375 0.59149305625 0.5630594140625 0.5725160953125 0.55 0.52061089375 0.55