1 0 0.55785199375 0.0067435109375 0.5791745125000001 0.0450705 0.564355396875 0.11589207500000001 0.5287896078125 0.2175418375 0.4561757984375 0.2300397625 0.3850440515625 0.15255260312500002 0.3005750734375 0.060067971875 0.30205701875 0.0067435109375 0.33169525312500003 0 0.395412946875 0 0.55785199375
1 0.709375 0.21348311562500003 0.6333061515625 0.2249976015625 0.537488728125 0.187949809375 0.44917007187499997 0.21314231874999998 0.47677081406250005 0.32189815 0.4924961859375 0.38059832656250003 0.5508198359375001 0.38059832656250003 0.6633012234375 0.33169525312500003 0.709375 0.29748461718749997 0.709375 0.21348311562500003
1 0.709375 0.416300121875 0.61580900625 0.4280195125 0.49082982187499996 0.42505567656250004 0.46000156875 0.4561757984375 0.445004096875 0.5465724453125 0.49582897812500004 0.5954756328124999 0.5137360265625001 0.61875 0.7088082921875001 0.61875 0.709375 0.6110896703125 0.709375 0.416300121875
1 0.608310303125 0.1257095078125 0.70746045625 0.035312890624999996 0.6149758875 0.036794807812500004 0.5642708140625 0.0922685203125 0.545820678125 0.1079265859375 0.5516530171875 0.14645629375 0.608310303125 0.1257095078125
1 0.3609375 0.3498046875 0.3501953125 0.3234375 0.3072265625 0.325390625 0.269140625 0.3478515625 0.27109375 0.3966796875 0.2818359375 0.403515625 0.2916015625 0.39375 0.3072265625 0.38984375 0.312109375 0.4005859375 0.2876953125 0.4171875 0.28671875 0.4240234375 0.31015625 0.4279296875 0.3296875 0.4162109375 0.33359375 0.3966796875 0.351171875 0.3751953125 0.3609375 0.3498046875
1 0.691015625 0.0431640625 0.6646484375 0.03828125 0.6392578125 0.044140625 0.5787109375 0.079296875 0.5484375 0.1115234375 0.5484375 0.1193359375 0.5767578125 0.13203125 0.59140625 0.1310546875 0.6431640625 0.110546875 0.6958984375 0.06953125 0.702734375 0.0587890625 0.691015625 0.0431640625
1 0.4302734375 0.07734375 0.3521484375 0.08515625 0.3228515625 0.094921875 0.3140625 0.1076171875 0.316015625 0.1193359375 0.3267578125 0.126171875 0.386328125 0.1271484375 0.4341796875 0.110546875 0.44296875 0.0998046875 0.44296875 0.0861328125 0.4302734375 0.07734375
1 0.382421875 0.4474609375 0.38046875 0.4533203125 0.4009765625 0.469921875 0.413671875 0.4708984375 0.4380859375 0.462109375 0.45078125 0.4416015625 0.4380859375 0.43671875 0.382421875 0.4474609375
1 0.0953125 0.1701171875 0.09921875 0.1876953125 0.1109375 0.1916015625 0.136328125 0.1662109375 0.136328125 0.1525390625 0.1255859375 0.145703125 0.0953125 0.1701171875
1 0.709375 0 0.709375 0.026855709374999998 0.746527778125 0.040065585937499995 0.7560763890625 0.053954475 0.7682291671875 0.053954475 0.792534721875 0.0277199078125 0.78993598125 0 0.709375 0
1 0.8761754921874999 1 0.8729166671874999 0.9826195984374999 0.905902778125 0.968730709375 0.9111111109374999 0.9332368828125001 0.8451388890625001 0.9394097218749999 0.76961805625 0.9671875 0.7210145406249999 1 0.8761754921874999 1