1 0.327895765625 0.430595990625 0.3576844171875 0.4697668140625 0.323495334375 0.45473250624999995 0.3521927859375 0.47583646875 0.3660767984375 0.49434395000000003 0.42392681093749995 0.47378011249999996 0.39962979062500004 0.432652346875 0.3695478015625 0.430595990625 0.327895765625 0.430595990625
1 0.12744129531249998 0.65278526875 0.12744129531249998 0.6507289140625 0.1132179046875 0.6492948515625 0.08926026406250001 0.683631071875 0.0603352046875 0.7329844484375 0.0788472546875 0.7576610890625 0.10777220937500001 0.7144769671875 0.14942424375000002 0.6712927515625 0.12744129531249998 0.65278526875
1 0.37648980625 0.5251897515625 0.3521927859375 0.5066822703125 0.3373842234375 0.52880658125 0.35566378906249996 0.558092003125 0.37648980625 0.5251897515625
1 0.56640625 0.5595703125 0.5712890625 0.568359375 0.58984375 0.5693359375 0.5751953125 0.5546875 0.56640625 0.5595703125
1 0.5654296875 0.43359375 0.5224609375 0.42578125 0.515625 0.4345703125 0.5283203125 0.44921875 0.578125 0.4541015625 0.580078125 0.4443359375 0.5654296875 0.43359375
1 0.541015625 0.3876953125 0.5439453125 0.39453125 0.564453125 0.3935546875 0.5595703125 0.38671875 0.541015625 0.3876953125
1 0.458984375 0.3779296875 0.4501953125 0.37109375 0.400390625 0.3779296875 0.4111328125 0.388671875 0.4296875 0.3896484375 0.4541015625 0.384765625 0.458984375 0.3779296875
1 0.4619140625 0.404296875 0.44140625 0.4091796875 0.4462890625 0.41796875 0.47265625 0.4169921875 0.474609375 0.4111328125 0.4619140625 0.404296875
1 0.6669921875 0.443359375 0.650390625 0.4443359375 0.6533203125 0.455078125 0.671875 0.4541015625 0.67578125 0.4501953125 0.6669921875 0.443359375
1 0.884765625 0.5634765625 0.8662109375 0.55078125 0.8564453125 0.552734375 0.845703125 0.5654296875 0.84765625 0.5712890625 0.8642578125 0.5859375 0.8828125 0.5888671875 0.892578125 0.5791015625 0.884765625 0.5634765625
1 0.755859375 0.5556640625 0.771484375 0.5634765625 0.7685546875 0.552734375 0.755859375 0.5556640625
1 0.5469832328125 0.3521367359375 0.546725084375 0.349711840625 0.5414563328125 0.34178966875 0.5289827203125 0.337409621875 0.5173216390625 0.3440770265625 0.5083033968749999 0.3509348671875 0.5135573375 0.3523673765625 0.5334262468750001 0.3521557796875 0.54547878125 0.35101315781250003 0.5469832328125 0.3521367359375
1 0.47893592187499995 0.34222555625 0.4588892734375 0.34222555625 0.4590268109375 0.3490305 0.47772982343750003 0.35257685625 0.4896850234375 0.3445129140625 0.47893592187499995 0.34222555625
1 0.47982674375 0.3373122875 0.48261770156250006 0.3328264421875 0.46115758749999997 0.3327883546875 0.466576571875 0.3387278671875 0.47939297031250006 0.3385543578125 0.47982674375 0.3373122875
1 0.7890576421875 0.7560435234375 0.7352661125 0.697035040625 0.6931263140625 0.6505663921875 0.652230925 0.6441528890625 0.641983146875 0.7036506265625 0.6493007093750001 0.8007944578125 0.626422690625 0.8762089578125 0.6391646093750001 0.9924127765625 0.8043947421875 0.9885093671874999 0.931510796875 0.9901207203125001 0.92717663125 0.95994109375 0.82130596875 0.9581010671874999 0.8359038671875 0.8849145171874999 0.8364143953125 0.7984811296875 0.7890576421875 0.7560435234375