1 0.5500399515625001 0.7267157828124999 0.4979749078125 0.7143773671875 0.4493808671875 0.704095403125 0.4146708390625 0.6958698875 0.45747990937500005 0.7637307437499999 0.5488829156249999 0.7966328078125 0.62987301875 0.7781253265625 0.5882209828125 0.739054103125 0.5500399515625001 0.7267157828124999
1 0.06062854375 0.7534486859375 0.15087461875 0.7226028828125 0.1439326125 0.69175708125 0.0849255640625 0.6979262421875 0.0775180671875 0.7092110421875 0.06062854375 0.7534486859375
1 0.1123046875 0.62109375 0.103515625 0.6318359375 0.1123046875 0.64453125 0.1171875 0.6435546875 0.1328125 0.6279296875 0.1123046875 0.62109375
1 0.6953125 0.4658203125 0.6806640625 0.458984375 0.662109375 0.4619140625 0.6689453125 0.470703125 0.68359375 0.4716796875 0.6943359375 0.470703125 0.6953125 0.4658203125
1 0.451171875 0.4716796875 0.4287109375 0.47265625 0.3984375 0.4892578125 0.3994140625 0.49609375 0.421875 0.4951171875 0.4404296875 0.490234375 0.451171875 0.4716796875
1 0.58203125 0.4990234375 0.5361328125 0.494140625 0.5009765625 0.50390625 0.484375 0.5322265625 0.505859375 0.5380859375 0.5439453125 0.513671875 0.58203125 0.4990234375
1 0.5869140625 0.451171875 0.5546875 0.4482421875 0.5615234375 0.45703125 0.583984375 0.4580078125 0.58984375 0.4560546875 0.5869140625 0.451171875
1 0.60546875 0.4169921875 0.623046875 0.4208984375 0.6181640625 0.4140625 0.60546875 0.4169921875
1 0.7247726953125 0.4278783203125 0.7386285375 0.4184669671875 0.7024945921875 0.4085760546875 0.6741021046875 0.41108089531249997 0.6691523671875 0.41888230000000004 0.6889384749999999 0.42867901406250003 0.723449625 0.42858909531249995 0.7247726953125 0.4278783203125
1 0.377284803125 0.5795561109375 0.3185302109375 0.572885096875 0.2848882625 0.5840990796875001 0.2980504546875 0.6019070046875 0.337185928125 0.6071050859375 0.3737437703125 0.603504109375 0.4176277375 0.5787597 0.377284803125 0.5795561109375
1 0.0674080703125 0.6893323984374999 0.10769105937500001 0.6916788140625 0.169078946875 0.6811113796875 0.16825684531250001 0.6706253 0.14269461562500002 0.65569473125 0.10289974843750001 0.6503938875 0.0668642828125 0.6500085265625 0.0674080703125 0.6893323984374999