1 0.8414287140625 0.9691836125 0.8941443687499999 0.9859300234375 0.92449580625 0.9883223687499999 0.94845746875 0.9787529906250001 0.9452625796875 0.938083134375 0.881364815625 0.9332984453125001 0.8430261578125 0.940475478125 0.8286491609375 0.9572218906250001 0.8414287140625 0.9691836125
1 0.6816119203125 0.6296875 0.6768919734375001 0.6438247609375 0.6816843046875001 0.6629635171875 0.672099640625 0.66774820625 0.5778504390625 0.66774820625 0.5762529953125 0.7155950953125 0.6209814296875 0.74908791875 0.7359974046875 0.7730113640624999 0.7439846250000001 0.789757775 0.704048521875 0.799327153125 0.6816843046875001 0.7969348093749999 0.65772264375 0.780188396875 0.63056609375 0.780188396875 0.59701976875 0.8017194968749999 0.65772264375 0.8280352875 0.675294528125 0.86870514375 0.675294528125 0.8902362437499999 0.7120357421875 0.9285137562500001 0.7056459671875001 0.9691836125 0.728010184375 0.9787529906250001 0.77593350625 0.9739683015624999 0.7791283953125 0.9596142343749999 0.7711411734375 0.9261214109375 0.7919079468750001 0.8734898328125 0.8350389374999999 0.8710974874999999 0.8781699281249999 0.8471740437499999 0.8717801515625 0.7849730859374999 0.8781699281249999 0.7634419859375 0.8590005984375001 0.7514802625 0.7982977234374999 0.7419108859375 0.7503744015625 0.64860945 0.7187874390625 0.6296875 0.6816119203125 0.6296875
1 0.644943090625 0.789757775 0.6337609828125 0.7825807421875 0.6241763171875 0.8017194968749999 0.644943090625 0.8041118421875 0.644943090625 0.789757775
1 0.6385533140625 0.7227721296875 0.6209814296875 0.7060257171875 0.6177865421875 0.72755681875 0.6369558703125 0.7347338515625 0.6385533140625 0.7227721296875
1 0.7407897359375 0.6533941390625 0.7359974046875 0.6438247609375 0.7200229625000001 0.641432415625 0.704048521875 0.65100179375 0.716828075 0.660571171875 0.7407897359375 0.6533941390625
1 0.8382338265625 0.86870514375 0.8414287140625 0.8519587328125 0.83344149375 0.8519587328125 0.7967002796875 0.8567434203125 0.7967002796875 0.8639204546875 0.8382338265625 0.86870514375
1 0.6034095453124999 0.6844946171874999 0.6369558703125 0.6797099281250001 0.63056609375 0.67014055 0.5986172125 0.67014055 0.582642771875 0.677317584375 0.5890325484375001 0.6988486843749999 0.6034095453124999 0.6844946171874999
1 0.77593350625 0.72755681875 0.77273861875 0.7132027515625 0.7551667328125 0.71081040625 0.7248152953125 0.7155950953125 0.7120357421875 0.72755681875 0.77593350625 0.72755681875
1 0.7088408546875 0.9667912671875 0.7359974046875 0.9787529906250001 0.759959065625 0.97157595625 0.7695437296875001 0.9620065796875 0.7695437296875001 0.9452601671875 0.758361621875 0.938083134375 0.7359974046875 0.9548295453125 0.7136331874999999 0.9572218906250001 0.7088408546875 0.9667912671875
1 0.7807258390625 0.8160735640624999 0.7679462859375 0.8519587328125 0.7951028359375 0.8543510765625 0.790310503125 0.839997009375 0.80309005625 0.8280352875 0.8558057109374999 0.837604665625 0.8637929312499999 0.8280352875 0.8574031546875001 0.80889653125 0.8430261578125 0.8065041859375001 0.8174670531249999 0.80889653125 0.8078823875 0.818465909375 0.7807258390625 0.8160735640624999
1 0.9394144359375 1 0.9404702468749999 0.9978917468749999 0.9404702468749999 0.9667912671875 0.9324830265624999 0.9500448562500001 0.8637929312499999 0.9452601671875 0.851013378125 0.9548295453125 0.851013378125 0.9667912671875 0.8621954875 0.981145334375 0.8989367015624999 0.9739683015624999 0.9163188890625001 1 0.9394144359375 1