1 0.45747990937500005 0.7637307437499999 0.5488829156249999 0.7966328078125 0.62987301875 0.7781253265625 0.5882209828125 0.739054103125 0.5500399515625001 0.7267157828124999 0.4979749078125 0.7143773671875 0.4493808671875 0.704095403125 0.4146708390625 0.6958698875 0.45747990937500005 0.7637307437499999
1 0.0775180671875 0.7092110421875 0.06062854375 0.7534486859375 0.15087461875 0.7226028828125 0.1439326125 0.69175708125 0.0849255640625 0.6979262421875 0.0775180671875 0.7092110421875
1 0.6923828125 0.59765625 0.703125 0.5869140625 0.703125 0.5517578125 0.6904296875 0.544921875 0.6708984375 0.544921875 0.6201171875 0.568359375 0.609375 0.5986328125 0.6279296875 0.615234375 0.63671875 0.6142578125 0.6650390625 0.599609375 0.6923828125 0.59765625
1 0.1123046875 0.62109375 0.103515625 0.6298828125 0.10546875 0.6376953125 0.1171875 0.6435546875 0.1328125 0.6279296875 0.1123046875 0.62109375
1 0.6953125 0.4658203125 0.6806640625 0.458984375 0.662109375 0.4619140625 0.6689453125 0.470703125 0.68359375 0.4716796875 0.6943359375 0.470703125 0.6953125 0.4658203125
1 0.5693359375 0.5078125 0.58203125 0.4990234375 0.5361328125 0.494140625 0.5009765625 0.50390625 0.484375 0.5322265625 0.505859375 0.5380859375 0.5458984375 0.51171875 0.5693359375 0.5078125
1 0.451171875 0.4716796875 0.4287109375 0.47265625 0.3984375 0.4892578125 0.3994140625 0.49609375 0.421875 0.4951171875 0.4404296875 0.490234375 0.451171875 0.4716796875
1 0.5869140625 0.451171875 0.5546875 0.4482421875 0.5615234375 0.45703125 0.583984375 0.4580078125 0.58984375 0.4560546875 0.5869140625 0.451171875
1 0.60546875 0.4150390625 0.623046875 0.4208984375 0.6201171875 0.4140625 0.60546875 0.4150390625
1 0.35363208749999997 0.576079959375 0.3368747859375 0.5860070703125 0.3401679140625 0.6142240328125 0.3783331984375 0.6080673156249999 0.41676893281250005 0.57967535625 0.3784392578125 0.576079959375 0.35363208749999997 0.576079959375
1 0.719598821875 0.41407503749999997 0.6821971609374999 0.40517139531249996 0.6747200109375 0.4141227640625 0.6873357140625 0.42301580000000005 0.71950336875 0.43170202187499995 0.719598821875 0.41407503749999997