1 0.327895765625 0.430595990625 0.3576844171875 0.4697668140625 0.323495334375 0.45473250624999995 0.3521927859375 0.47583646875 0.3660767984375 0.49434395000000003 0.42392681093749995 0.47378011249999996 0.39962979062500004 0.432652346875 0.3695478015625 0.430595990625 0.327895765625 0.430595990625
1 0.12744129531249998 0.65278526875 0.12744129531249998 0.6507289140625 0.1132179046875 0.6492948515625 0.08926026406250001 0.683631071875 0.0603352046875 0.7329844484375 0.0788472546875 0.7576610890625 0.10777220937500001 0.7144769671875 0.14942424375000002 0.6712927515625 0.12744129531249998 0.65278526875
1 0.37648980625 0.5251897515625 0.3521927859375 0.5066822703125 0.3373842234375 0.52880658125 0.35566378906249996 0.558092003125 0.37648980625 0.5251897515625
1 0.5654296875 0.43359375 0.5224609375 0.42578125 0.515625 0.4345703125 0.5283203125 0.44921875 0.578125 0.4541015625 0.580078125 0.4443359375 0.5654296875 0.43359375
1 0.458984375 0.3779296875 0.4501953125 0.37109375 0.400390625 0.3779296875 0.4111328125 0.388671875 0.4296875 0.3896484375 0.4501953125 0.38671875 0.458984375 0.3779296875
1 0.541015625 0.3876953125 0.5439453125 0.39453125 0.564453125 0.3935546875 0.5595703125 0.38671875 0.541015625 0.3876953125
1 0.4013671875 0.474609375 0.427734375 0.4560546875 0.427734375 0.4462890625 0.4091796875 0.42578125 0.3818359375 0.419921875 0.3115234375 0.4375 0.30859375 0.4443359375 0.330078125 0.4599609375 0.328125 0.4697265625 0.33984375 0.4814453125 0.3642578125 0.46875 0.4013671875 0.474609375
1 0.56640625 0.5595703125 0.5712890625 0.568359375 0.58984375 0.5693359375 0.5751953125 0.5546875 0.56640625 0.5595703125
1 0.884765625 0.5634765625 0.8662109375 0.55078125 0.8564453125 0.552734375 0.845703125 0.5654296875 0.84765625 0.5712890625 0.876953125 0.5908203125 0.892578125 0.5791015625 0.884765625 0.5634765625
1 0.767578125 0.4658203125 0.7724609375 0.474609375 0.802734375 0.4853515625 0.7939453125 0.466796875 0.767578125 0.4658203125
1 0.6708984375 0.4453125 0.650390625 0.4443359375 0.6533203125 0.455078125 0.669921875 0.4541015625 0.67578125 0.4501953125 0.6708984375 0.4453125
1 0.7099609375 0.40234375 0.6943359375 0.3984375 0.68359375 0.4052734375 0.6923828125 0.41796875 0.716796875 0.4248046875 0.72265625 0.4169921875 0.7099609375 0.40234375
1 0.7578125 0.5556640625 0.7626953125 0.5625 0.771484375 0.5615234375 0.7666015625 0.552734375 0.7578125 0.5556640625
1 0.728515625 0.4345703125 0.7314453125 0.4453125 0.75390625 0.4501953125 0.7529296875 0.4375 0.728515625 0.4345703125
1 0.4619140625 0.404296875 0.44140625 0.4091796875 0.4462890625 0.41796875 0.47265625 0.4169921875 0.474609375 0.4111328125 0.4619140625 0.404296875
1 0.5389938109375 0.3428164109375 0.5286770187500001 0.342083215625 0.5188634859375 0.34520905625 0.517342865625 0.350894571875 0.5289546781250001 0.35318960312500003 0.545323584375 0.35207245625 0.5389938109375 0.3428164109375