1 0.5816829593749999 0.42463918906250003 0.502059503125 0.38525471875 0.47379874375000003 0.388487534375 0.46353149374999997 0.4308303953125 0.5206474703125 0.474052378125 0.57868641875 0.4863556578125 0.5816829593749999 0.42463918906250003
1 0.11423581406250001 0.40032108125 0.1880045 0.36258480937500004 0.24194236875000003 0.32751061406250004 0.124932959375 0.353888040625 0.11423581406250001 0.40032108125
1 0.4826171875 0.373828125 0.4708984375 0.37578125 0.458203125 0.4021484375 0.46015625 0.4177734375 0.4943359375 0.45 0.520703125 0.4548828125 0.52265625 0.4451171875 0.53828125 0.4353515625 0.536328125 0.4119140625 0.4826171875 0.373828125
1 0.583203125 0.4412109375 0.5646484375 0.428515625 0.5392578125 0.428515625 0.536328125 0.4119140625 0.5099609375 0.389453125 0.4943359375 0.385546875 0.4826171875 0.373828125 0.4708984375 0.37578125 0.458203125 0.4021484375 0.4640625 0.4255859375 0.4962890625 0.451953125 0.52265625 0.4568359375 0.52265625 0.4509765625 0.5392578125 0.440234375 0.5666015625 0.448046875 0.583203125 0.4412109375
1 0.1828125 0.3826171875 0.1857421875 0.39140625 0.2267578125 0.405078125 0.28046875 0.4060546875 0.3048828125 0.401171875 0.309765625 0.3943359375 0.2150390625 0.3796875 0.1828125 0.3826171875
1 0.551953125 0.3806640625 0.5587890625 0.39140625 0.5734375 0.3943359375 0.57734375 0.3845703125 0.5724609375 0.377734375 0.5568359375 0.37578125 0.551953125 0.3806640625
1 0.2619140625 0.33671875 0.2248046875 0.338671875 0.159375 0.3591796875 0.1681640625 0.36796875 0.188671875 0.3669921875 0.2228515625 0.3640625 0.2599609375 0.350390625 0.26484375 0.3416015625 0.2619140625 0.33671875
1 0.467966215625 0.341054159375 0.44701288124999994 0.34520190624999997 0.456053640625 0.363443403125 0.47739716874999993 0.36091495625 0.4978198421875 0.36016188437499996 0.488822003125 0.34436689375 0.467966215625 0.341054159375
1 0.659375 0.4243169578125 0.6308442578125 0.42249122968749997 0.6128134640625 0.43549244218750005 0.6356163109375 0.45457675625 0.659375 0.460074425 0.659375 0.4243169578125
1 0.61487758125 0.40043365 0.596281009375 0.40954464375 0.608408190625 0.42138698437500005 0.642846578125 0.41938139531249996 0.643365534375 0.41801182031249995 0.6367166546874999 0.40148716875 0.61487758125 0.40043365
1 0.39318582968750004 0.401011134375 0.3726148828125 0.4000590640625 0.3721310453125 0.40870963125 0.3845625765625 0.41650957968749996 0.42484214531250003 0.42196837187499997 0.449061390625 0.424375859375 0.4512113515625 0.4133490203125 0.42618830937499996 0.40455408125 0.39318582968750004 0.401011134375
1 0.502037821875 0.3481907796875 0.5139894171875 0.3554522625 0.5177586765625 0.3410502578125 0.4986002265625 0.3358606984375 0.502037821875 0.3481907796875
1 0.4258410375 0.3151063609375 0.42519722031249996 0.3266053328125 0.4382725703125 0.33087013593750003 0.45505474687499997 0.333476621875 0.4651373203125 0.32140796875 0.4488545890625 0.3179586671875 0.4258410375 0.3151063609375
1 0.3349183890625 0.311859959375 0.349492078125 0.31785331562499997 0.369149975 0.316495446875 0.370671725 0.3091012984375 0.34884045625 0.30573003593750003 0.3349183890625 0.311859959375
1 1 0.5085033484375 0.9696180562500001 0.4828703703125 0.9149305562500001 0.459722221875 0.8524305562500001 0.47978395 0.8177083328125001 0.5121913578124999 0.8220486109374999 0.5785493828125 0.8697916671874999 0.6233024687500001 0.9661458328125001 0.5908950625 1 0.585163140625 1 0.5085033484375
1 1 0.7636423625 0.8570962874999999 0.7537466953124999 0.8166012890625 0.8216074593749999 0.8104745015624999 0.8405349765625001 0.9415573937499999 0.8976938328124999 1 0.8855859765625 1 0.7636423625
1 1 0.7594506046875 0.9521484375 0.765625 0.8212890625 0.765625 0.818359375 0.7783203125 0.8232421875 0.7890625 0.77734375 0.8056640625 0.8115234375 0.841796875 0.8857421875 0.859375 0.9365234375 0.8984375 0.955078125 0.8974609375 1 0.893223025 1 0.7594506046875
1 0.659375 0.8540831750000001 0.697224934375 0.82236735 0.7682291671875 0.8072916671874999 0.760701496875 0.772410075 0.659375 0.7581466375 0.659375 0.8540831750000001