1 0.157421875 0.2072265625 0.1642578125 0.216015625 0.17890625 0.2169921875 0.1896484375 0.216015625 0.190625 0.2111328125 0.1759765625 0.204296875 0.157421875 0.2072265625
1 0 0.2830788359375 0.001171875 0.2833984375 0.0392578125 0.258984375 0.07734375 0.2443359375 0.0314453125 0.239453125 0 0.24818793437500003 0 0.2830788359375
1 0.0568359375 0.20234375 0.079296875 0.2033203125 0.08515625 0.2013671875 0.0822265625 0.196484375 0.05 0.1935546875 0.0568359375 0.20234375
1 0.1134765625 0.159375 0.10078125 0.1623046875 0.118359375 0.1662109375 0.1134765625 0.159375
1 0.1978070921875 0.1538885546875 0.1694146046875 0.15639339531250002 0.1644648671875 0.1641948 0.184250975 0.1739915140625 0.21876212499999997 0.1739015953125 0.22008519531249998 0.1731908203125 0.2339410375 0.1637794671875 0.1978070921875 0.1538885546875
1 0.647873553125 0 0.6399855406249999 0.0065796625 0.5747603625 0.0065796625 0.528170890625 0.0065796625 0.53515930625 0.032228518750000004 0.49439358437500003 0.035726084375 0.485075625 0.07070175 0.49439358437500003 0.0905212578125 0.4827461890625 0.1488140515625 0.5105363359374999 0.1608900390625 0.5456419296874999 0.165136046875 0.5503009078125001 0.1919506875 0.6225145015625 0.1814579875 0.67259818125 0.2106044109375 0.67492761875 0.16979945000000002 0.7273407359374999 0.1523116171875 0.8030485359374999 0.1511457796875 0.833331740625 0.1523116171875 0.86827381875 0.1243310859375 0.8810858781250002 0.0881895828125 0.8892390656250001 0.038057760937500004 0.8870024546875002 0 0.647873553125 0
1 0.1896634609375 0.598197115625 0.19447115312500002 0.5693509609375 0.1824519234375 0.554927884375 0.134375 0.5477163468749999 0.11514423124999999 0.5621394234375 0.11514423124999999 0.574158653125 0.136778846875 0.5933894234375 0.1295673078125 0.61983173125 0.15360576875 0.61983173125 0.1896634609375 0.598197115625
1 0.293028846875 0.4828125 0.27860576875 0.4828125 0.2449519234375 0.511658653125 0.24975961562500001 0.5501201921875 0.2737980765625 0.574158653125 0.3290865390625 0.5645432687499999 0.34831730781250003 0.542908653125 0.34350961562500004 0.5140625 0.293028846875 0.4828125
1 0.156009615625 0.3506009609375 0.17764423125 0.3337740390625 0.1608173078125 0.31454326875 0.1271634609375 0.3121394234375 0.093509615625 0.33137019218749997 0.1295673078125 0.3530048078125 0.156009615625 0.3506009609375
1 0.0943359375 0.719140625 0.0630859375 0.715234375 0.023046875 0.7337890625 0.01328125 0.7474609375 0.01328125 0.7669921875 0.0279296875 0.785546875 0.034765625 0.7845703125 0.0826171875 0.78359375 0.105078125 0.7650390625 0.10703125 0.7376953125 0.0943359375 0.719140625
1 0.007421875 0.6263671875 0.019140625 0.6283203125 0.026953125 0.6244140625 0.026953125 0.6009765625 0.0162109375 0.59609375 0.007421875 0.6263671875
1 0 0.46598457656250003 0.0409363859375 0.477018278125 0.0688200484375 0.4555923328125 0.0698517875 0.4262653046875 0.07025272187500001 0.4076512484375 0.0320256515625 0.38965611562499997 0 0.40563953281250004 0 0.46598457656250003
1 0.8213738203125001 0.7009868421875 0.80627948125 0.6746710531250001 0.7421285375 0.6588815796875 0.7308077828125 0.6904605265624999 0.7572228781250001 0.7220394734375 0.8213738203125001 0.7009868421875
1 0.41382665156250004 0.8694078953125001 0.5723172171875 0.8799342109375001 0.674204009375 0.9536184203125 0.8779775937500001 0.9588815796875 0.919487028125 0.8799342109375001 0.8930719343749999 0.8536184203125 0.7308077828125 0.8641447375 0.628920990625 0.8430921046875 0.6440153296875 0.8009868421874999 0.7798643875 0.8009868421874999 0.764770046875 0.7799342109375 0.632694575 0.7641447375 0.44401532968749996 0.8115131578125 0.402505896875 0.8536184203125 0.41382665156250004 0.8694078953125001