1 0.0640625 0.0314453125 0.0767578125 0.04609375 0.1265625 0.0509765625 0.128515625 0.0412109375 0.1138671875 0.03046875 0.0708984375 0.02265625 0.0640625 0.0314453125
1 0.13828125 0.1662109375 0.1236328125 0.1515625 0.11484375 0.1564453125 0.1197265625 0.165234375 0.13828125 0.1662109375
1 0.4048828125 0.149609375 0.394140625 0.1623046875 0.39609375 0.1681640625 0.425390625 0.1876953125 0.441015625 0.1759765625 0.433203125 0.1603515625 0.4146484375 0.14765625 0.4048828125 0.149609375
1 0.351171875 0.0822265625 0.3423828125 0.063671875 0.316015625 0.0626953125 0.3208984375 0.071484375 0.351171875 0.0822265625
1 0.2017578125 0.051953125 0.218359375 0.0509765625 0.22421875 0.0470703125 0.2193359375 0.0421875 0.198828125 0.0412109375 0.2017578125 0.051953125
1 0.23540736562500003 0 0.23203125 0.0021484375 0.2408203125 0.01484375 0.265234375 0.0216796875 0.27109375 0.0138671875 0.25907552031250003 0 0.23540736562500003 0
1 0.319921875 0.1583984375 0.3150390625 0.149609375 0.30625 0.1525390625 0.3111328125 0.159375 0.319921875 0.1583984375
1 0.30234375 0.0470703125 0.3013671875 0.034375 0.276953125 0.0314453125 0.2798828125 0.0421875 0.30234375 0.0470703125
1 0 0.0146484375 0.02109375 0.0138671875 0.023046875 0.0080078125 0.0103515625 0.001171875 0 0.0036365328125 0 0.0146484375
1 0.4745738640625 0.8855105875 0.38002840937500004 0.847259221875 0.3582102265625 0.803543375 0.1473011359375 0.79807889375 0.180028409375 0.8254012984375001 0.40184659062500006 0.8964395484375001 0.4745738640625 0.8855105875
1 0.7776041671874999 0.6076774687500001 0.7715277781250001 0.5891589500000001 0.7637152781250001 0.5814429015625 0.7654513890625 0.5521219140625 0.7498263890625 0.49656635781249997 0.7359375 0.481134259375 0.7151041671874999 0.4765046296875 0.6829861109375 0.473418209375 0.665625 0.4857638890625 0.661284721875 0.5150848765625 0.6595486109375 0.5428626546875 0.6473958328125 0.566010803125 0.6526041671875 0.5845293203125 0.6526041671875 0.6200231484375001 0.6482638890625 0.6678626546875 0.665625 0.691010803125 0.708159721875 0.704899690625 0.7697916671874999 0.704899690625 0.7819444437499999 0.6894675921875 0.7645833328125 0.64471450625 0.7671875 0.616936728125 0.7776041671874999 0.6076774687500001