1 0.23708027187499997 0.61875 0.2304084828125 0.612491603125 0.1922274515625 0.6001532828125 0.1401624078125 0.5878148671875 0.0915683671875 0.577532903125 0.0568583390625 0.5693073875 0.08804851875 0.61875 0.23708027187499997 0.61875
1 0.3453125 0.4251953125 0.3326171875 0.418359375 0.3130859375 0.418359375 0.2623046875 0.441796875 0.2515625 0.4720703125 0.2701171875 0.488671875 0.27890625 0.4876953125 0.3072265625 0.473046875 0.3345703125 0.47109375 0.3453125 0.4603515625 0.3453125 0.4251953125
1 0.304296875 0.3353515625 0.3111328125 0.344140625 0.32578125 0.3451171875 0.3365234375 0.344140625 0.3375 0.3392578125 0.3228515625 0.332421875 0.304296875 0.3353515625
1 0.1783203125 0.367578125 0.1431640625 0.37734375 0.1265625 0.4056640625 0.148046875 0.4115234375 0.1880859375 0.38515625 0.2115234375 0.38125 0.22421875 0.3724609375 0.1783203125 0.367578125
1 0.040625 0.3626953125 0.0416015625 0.36953125 0.0640625 0.3685546875 0.0826171875 0.363671875 0.093359375 0.3451171875 0.0708984375 0.34609375 0.040625 0.3626953125
1 0.2037109375 0.33046875 0.226171875 0.3314453125 0.23203125 0.3294921875 0.2291015625 0.324609375 0.196875 0.3216796875 0.2037109375 0.33046875
1 0.2623046875 0.2875 0.24765625 0.2884765625 0.265234375 0.2943359375 0.2623046875 0.2875
1 0 0.4848151578125 0.020520698437500002 0.48150481562499997 0.0589564328125 0.45311285625000003 0.0206267578125 0.449517459375 0 0.449517459375 0 0.4848151578125
1 0.3169075109375 0.2875602640625 0.3295232140625 0.2964533 0.36169086875 0.30513952187500004 0.36178632187500004 0.2875125375 0.32438466093749996 0.2786088953125 0.3169075109375 0.2875602640625
1 0.7005208328125001 0.25461033906249997 0.75 0.2731288578125 0.7795138890625 0.2623263890625 0.7803819437499999 0.23917824062499998 0.7335069437499999 0.2144868828125 0.7100694437499999 0.2330054015625 0.6857638890625 0.2330054015625 0.7005208328125001 0.25461033906249997
1 1 0.339648403125 0.9234612796875 0.3627801046875 0.9260654468750001 0.4183356609375 1 0.46299946875 1 0.339648403125
1 0.3890625 0.4988490234375 0.46440972187499996 0.4614004625 0.47743055625 0.42127700625 0.4713541671875 0.3888695984375 0.504340278125 0.374980709375 0.5095486109375 0.3394868828125 0.4435763890625 0.345659721875 0.3890625 0.3657108078125 0.3890625 0.4988490234375