1 0.4740516171875 0.28769011093749997 0.44988894999999995 0.2906539453125 0.4158333140625 0.30754629843750003 0.43905745312500005 0.3365931859375 0.4657196671875 0.330665515625 0.4740516171875 0.28769011093749997
1 0.609375 0.297477209375 0.5658333140625 0.300138890625 0.5956981375 0.35141230156250003 0.609375 0.35103806875 0.609375 0.297477209375
1 0.5698690421875 0.36178569375 0.5293749812499999 0.37236111250000004 0.5532051421874999 0.40476109843749997 0.58819930625 0.40476109843749997 0.60902918125 0.3929058171875 0.5973645015625 0.36623141875 0.5698690421875 0.36178569375
1 0.5315421484375 0.22100408593749998 0.49187498124999995 0.22791666875 0.5098790281250001 0.2654614359375 0.5523720234375 0.22100408593749998 0.5315421484375 0.22100408593749998
1 0.609375 0.30359480625 0.5939453125 0.30234375 0.565625 0.3072265625 0.5685546875 0.316015625 0.609375 0.3307109375 0.609375 0.30359480625
1 0.4875 0.2251953125 0.4982421875 0.23984375 0.51484375 0.2388671875 0.5412109375 0.2359375 0.55390625 0.2232421875 0.5099609375 0.2203125 0.4875 0.2251953125
1 0.415234375 0.3091796875 0.4220703125 0.31796875 0.458203125 0.3189453125 0.4748046875 0.3140625 0.477734375 0.3013671875 0.4416015625 0.296484375 0.415234375 0.3091796875
1 0.2716796875 0.280859375 0.301953125 0.2798828125 0.31171875 0.2720703125 0.2775390625 0.27109375 0.270703125 0.2759765625 0.2716796875 0.280859375
1 0.415234375 0.3091796875 0.4220703125 0.31796875 0.458203125 0.3189453125 0.4748046875 0.3140625 0.477734375 0.3013671875 0.4416015625 0.296484375 0.415234375 0.3091796875
1 0.4650390625 0.24375 0.454296875 0.2505859375 0.4591796875 0.26328125 0.4875 0.2642578125 0.5060546875 0.259375 0.508984375 0.2525390625 0.4982421875 0.24375 0.4650390625 0.24375
1 0.2311889640625 1 0.255078125 0.9731770828125 0.253125 0.96015625 0.2365234375 0.9432291671874999 0.1857421875 0.9223958328125 0.1720703125 0.9328125 0.1173828125 0.9380208328125 0.11640625 0.9861979171874999 0.1271484375 0.9901041671874999 0.1330078125 0.9822916671874999 0.13984375 0.9888020828125 0.13984375 1 0.2311889640625 1
1 0.1466796875 0.8182291671874999 0.126171875 0.8325520828125 0.1251953125 0.8572916671874999 0.1447265625 0.8703125 0.161328125 0.8690104171874999 0.17890625 0.8559895828125 0.180859375 0.83515625 0.1740234375 0.8260416671874999 0.1466796875 0.8182291671874999
1 0.0958984375 0.7817708328125 0.1203125 0.7830729171874999 0.122265625 0.77265625 0.1154296875 0.7635416671874999 0.087109375 0.7700520828125 0.0958984375 0.7817708328125
1 0.870659721875 0.6078703703125 0.8263888890625001 0.6078703703125 0.7786458328125 0.584722221875 0.734375 0.6279320984375 0.71875 0.66805555625 0.7986111109375 0.7189814812499999 0.9210069437499999 0.6634259265625 0.870659721875 0.6078703703125
1 0.6264500468749999 0.459375 0.6328125 0.4643518515625 0.6692708328125 0.47978395 0.6927083328125 0.5013888890625 0.7013888890625 0.46898148125 0.6939267124999999 0.459375 0.6264500468749999 0.459375