1 0.5800224703125 0.781864878125 0.63806141875 0.7941681578125 0.641057959375 0.7324516890625 0.561434503125 0.69306721875 0.53317374375 0.696300034375 0.52290649375 0.7386428953124999 0.5800224703125 0.781864878125
1 0.30131736875000004 0.6353231140625 0.184307959375 0.6617005406249999 0.1736108140625 0.70813358125 0.2473795 0.670397309375 0.30131736875000004 0.6353231140625
1 0.59765625 0.7431640625 0.595703125 0.7197265625 0.5419921875 0.681640625 0.5302734375 0.68359375 0.517578125 0.7099609375 0.51953125 0.7255859375 0.5537109375 0.7578125 0.580078125 0.7626953125 0.58203125 0.7529296875 0.59765625 0.7431640625
1 0.5986328125 0.748046875 0.6259765625 0.755859375 0.642578125 0.7490234375 0.6240234375 0.736328125 0.5986328125 0.736328125 0.595703125 0.7197265625 0.5693359375 0.697265625 0.5537109375 0.693359375 0.5419921875 0.681640625 0.5302734375 0.68359375 0.517578125 0.7099609375 0.5234375 0.7333984375 0.5556640625 0.759765625 0.58203125 0.7646484375 0.58203125 0.7587890625 0.5986328125 0.748046875
1 0.369140625 0.7021484375 0.2744140625 0.6875 0.2421875 0.6904296875 0.2451171875 0.69921875 0.2861328125 0.712890625 0.33984375 0.7138671875 0.3642578125 0.708984375 0.369140625 0.7021484375
1 0.6318359375 0.685546875 0.6162109375 0.68359375 0.611328125 0.6884765625 0.6181640625 0.69921875 0.6328125 0.7021484375 0.63671875 0.6923828125 0.6318359375 0.685546875
1 0.3193359375 0.658203125 0.32421875 0.6494140625 0.3212890625 0.64453125 0.2841796875 0.646484375 0.21875 0.6669921875 0.2275390625 0.67578125 0.248046875 0.6748046875 0.2822265625 0.671875 0.3193359375 0.658203125
1 0.5571948421874999 0.667974384375 0.5481970031250001 0.65217939375 0.527341215625 0.648866659375 0.50638788125 0.65301440625 0.5154286406249999 0.6712559031249999 0.53677216875 0.66872745625 0.5571948421874999 0.667974384375
1 0.7299759671875 0.7551706953124999 0.719975334375 0.73220786875 0.6902192578124999 0.7303037296875 0.6721884640625 0.7433049421875 0.6949913109375 0.76238925625 0.7241972171875 0.7691473890625 0.7299759671875 0.7551706953124999
1 0.702740534375 0.7258243203125 0.6960916546875 0.7092996687500001 0.67425258125 0.70824615 0.655656009375 0.7173571437499999 0.667783190625 0.729199484375 0.702221578125 0.7271938953125 0.702740534375 0.7258243203125
1 0.5105863515625 0.7211615203124999 0.485563309375 0.71236658125 0.4525608296875 0.7088236343750001 0.4319898828125 0.7078715640625 0.4315060453125 0.71652213125 0.4439375765625 0.7243220796875 0.48421714531250004 0.729780871875 0.508436390625 0.732188359375 0.5105863515625 0.7211615203124999
1 0.5771336765624999 0.6488627578124999 0.5579752265625 0.6436731984375 0.5614128218750001 0.6560032796875 0.5733644171875001 0.6632647625 0.5771336765624999 0.6488627578124999
1 0.5245123203125 0.62922046875 0.5082295890624999 0.6257711671874999 0.48521603750000003 0.6229188609375 0.48457222031249997 0.6344178328125001 0.49764757031249995 0.6386826359375 0.514429746875 0.641289121875 0.5245123203125 0.62922046875
1 0.43004672499999996 0.6169137984375 0.40821545625000005 0.6135425359375 0.3942933890625 0.619672459375 0.408867078125 0.625665815625 0.42852497500000003 0.624307946875 0.43004672499999996 0.6169137984375
1 0.74971970625 1 0.7935734375 0.992993003125 0.7856564328125 0.9843112218750001 0.7876776296875 0.95338846875 0.7968393484375 0.9438833796875 0.7339208140625 0.9393298343750001 0.7250166218749999 0.957969328125 0.7111452796875 0.9686449937500001 0.722749603125 0.9766049203125 0.7401795015625 0.9968949281249999 0.74971970625 1