1 0 0.47404604843750003 0.036934089062499995 0.5135494406250001 0.20608151874999997 0.531327553125 0.2323062375 0.4699846859375 0.0883291421875 0.3810290984375 0 0.3785452375 0 0.47404604843750003
1 0 0.49001302031250005 0.0119140625 0.503515625 0.11640625 0.5162109375 0.165234375 0.4595703125 0.1603515625 0.446875 0.1466796875 0.446875 0.13984375 0.4400390625 0.14765625 0.4244140625 0.1427734375 0.417578125 0.0880859375 0.398046875 0.0392578125 0.394140625 0.0236328125 0.41171875 0 0.41532375468750005 0 0.49001302031250005
1 0 0.4973170234375 0.0119140625 0.50546875 0.223828125 0.5240234375 0.235546875 0.4947265625 0.2296875 0.4712890625 0.2111328125 0.456640625 0.1955078125 0.456640625 0.1916015625 0.446875 0.1896484375 0.456640625 0.1779296875 0.452734375 0.180859375 0.4439453125 0.157421875 0.4166015625 0.1515625 0.3951171875 0.1349609375 0.3765625 0.0314453125 0.382421875 0.024609375 0.3873046875 0.024609375 0.4048828125 0.0158203125 0.4078125 0 0.408358028125 0 0.4973170234375
1 0.95405739375 0.2835403828125 0.7793502125 0.22596158593750001 0.7666232374999999 0.2197924234375 0.6543941078125 0.23418710156250003 0.7388552140625 0.3493448859375 0.92744640625 0.3493448859375 0.95405739375 0.2835403828125
1 0.78196040625 0.558910871875 0.8533567703125 0.558784290625 0.8495287703125 0.5467939609375 0.8089921171875 0.5462177968749999 0.7810612406249999 0.5450480093750001 0.78196040625 0.558910871875
1 0.304745334375 0.95160750625 0.3334427859375 0.97271146875 0.34732679843750003 0.99121895 0.40517681093749996 0.9706551125 0.380879790625 0.929527346875 0.3507978015625 0.9274709906249999 0.30914576562499996 0.9274709906249999 0.3389344171875 0.9666418140624999 0.304745334375 0.95160750625
1 0.496875 0.9314453125 0.5095703125 0.94609375 0.559375 0.9509765625 0.561328125 0.9412109375 0.5466796875 0.93046875 0.5037109375 0.92265625 0.496875 0.9314453125
1 0.545703125 0.8904296875 0.5408203125 0.88359375 0.522265625 0.8845703125 0.5251953125 0.89140625 0.545703125 0.8904296875
1 0.381640625 0.8748046875 0.3923828125 0.885546875 0.4109375 0.8865234375 0.4353515625 0.881640625 0.440234375 0.8748046875 0.4314453125 0.86796875 0.381640625 0.8748046875
1 0.4275390625 0.91484375 0.45390625 0.9138671875 0.455859375 0.9080078125 0.4431640625 0.901171875 0.42265625 0.9060546875 0.4275390625 0.91484375
1 0.5227063328125 0.8386646687500001 0.5102327203125 0.8342846218750001 0.4985716390625 0.8409520265625 0.489553396875 0.8478098671875 0.4948073375 0.8492423765625 0.514676246875 0.8490307796875 0.52672878125 0.8478881578124999 0.5282332328125 0.8490117359375 0.527975084375 0.8465868406249999 0.5227063328125 0.8386646687500001
1 0.4402768109375 0.8459055 0.45897982343750005 0.84945185625 0.4709350234375 0.8413879140624999 0.46018592187499996 0.83910055625 0.44013927343750003 0.83910055625 0.4402768109375 0.8459055
1 0.4424075875 0.8296633546875001 0.447826571875 0.8356028671875 0.4606429703125 0.8354293578125 0.46107674374999996 0.8341872875 0.4638677015625 0.8297014421875 0.4424075875 0.8296633546875001