1 0.046932834374999996 0.12035750625 0.0756302859375 0.14146146875 0.0895142984375 0.15996895 0.1473643109375 0.1394051125 0.12306729062499999 0.098277346875 0.0929853015625 0.096220990625 0.051333265625 0.096220990625 0.0811219171875 0.1353918140625 0.046932834374999996 0.12035750625
1 0.060821723437499996 0.19443158124999999 0.0791012890625 0.22371700312499998 0.09992730625 0.1908147515625 0.0756302859375 0.17230727031249998 0.060821723437499996 0.19443158124999999
1 0.31328125 0.2349609375 0.2986328125 0.2203125 0.28984375 0.2251953125 0.2947265625 0.233984375 0.31328125 0.2349609375
1 0.2390625 0.1001953125 0.2517578125 0.11484375 0.3015625 0.1197265625 0.303515625 0.1099609375 0.2888671875 0.09921875 0.2458984375 0.09140625 0.2390625 0.1001953125
1 0.287890625 0.0591796875 0.2830078125 0.05234375 0.264453125 0.0533203125 0.2673828125 0.06015625 0.287890625 0.0591796875
1 0.123828125 0.0435546875 0.1345703125 0.054296875 0.153125 0.0552734375 0.1775390625 0.050390625 0.182421875 0.0435546875 0.1736328125 0.03671875 0.123828125 0.0435546875
1 0.1697265625 0.08359375 0.19609375 0.0826171875 0.198046875 0.0767578125 0.1853515625 0.069921875 0.16484375 0.0748046875 0.1697265625 0.08359375
1 0.3767578125 0.120703125 0.3953125 0.1197265625 0.39921875 0.1158203125 0.3904296875 0.108984375 0.373828125 0.1099609375 0.3767578125 0.120703125
1 0.4919921875 0.218359375 0.479296875 0.2212890625 0.494921875 0.2291015625 0.4919921875 0.218359375
1 0.2648938328125 0.007414668750000001 0.2524202203125 0.003034621875 0.2407591390625 0.0097020265625 0.23174089687500002 0.0165598671875 0.2369948375 0.017992376562500002 0.256863746875 0.0177807796875 0.26891628125 0.016638157812500002 0.2704207328125 0.017761735937500002 0.270162584375 0.015336840625 0.2648938328125 0.007414668750000001
1 0.18246431093749998 0.014655499999999998 0.2011673234375 0.018201856250000002 0.2131225234375 0.0101379140625 0.20237342187500001 0.00785055625 0.18232677343749998 0.00785055625 0.18246431093749998 0.014655499999999998
1 0.1860426828125 0 0.190014071875 0.0043528671875 0.20283047031249998 0.0041793578125 0.20326424375 0.0029372875 0.20509173593750002 0 0.1860426828125 0
1 0.5390625 0.56875 0.5390625 0.4454762171875 0.5124951421875 0.42166852343750005 0.4587036125 0.362660040625 0.4165638140625 0.31619139218750003 0.37566842500000003 0.3097778890625 0.365420646875 0.3692756265625 0.372738209375 0.46641945781249994 0.34986019062499996 0.5418339578125 0.3528115734375 0.56875 0.5390625 0.56875
1 0.34131944375 0.7335841046875 0.3873263890625 0.7413001546875 0.4342013890625 0.736670525 0.455902778125 0.7027199078125 0.432465278125 0.6764853390625 0.3994791671875 0.6548804015625 0.3526041671875 0.6487075625000001 0.3248263890625 0.6548804015625 0.298784721875 0.6764853390625 0.2545138890625 0.698090278125 0.26319444375 0.7088927468749999 0.330902778125 0.719695215625 0.34131944375 0.7335841046875
1 0.5390625 1 0.64931640625 1 0.671875 0.9724999999999999 0.678125 0.9099999999999999 0.66875 0.875 0.621875 0.8474999999999999 0.590625 0.845 0.54375 0.8724999999999999 0.5390625 0.8731521734375001 0.5390625 1