1 0.11640625 0.2849609375 0.1017578125 0.2703125 0.09296875 0.2751953125 0.0978515625 0.283984375 0.11640625 0.2849609375
1 0.0421875 0.1501953125 0.0548828125 0.16484375 0.1046875 0.1697265625 0.106640625 0.1599609375 0.0919921875 0.14921875 0.0490234375 0.14140625 0.0421875 0.1501953125
1 0.091015625 0.1091796875 0.0861328125 0.10234375 0.067578125 0.1033203125 0.0705078125 0.11015625 0.091015625 0.1091796875
1 0.1798828125 0.170703125 0.1984375 0.1697265625 0.20234375 0.1658203125 0.1935546875 0.158984375 0.176953125 0.1599609375 0.1798828125 0.170703125
1 0.3830078125 0.268359375 0.372265625 0.2810546875 0.37421875 0.2869140625 0.3908203125 0.3015625 0.409375 0.3044921875 0.419140625 0.2947265625 0.411328125 0.2791015625 0.3927734375 0.26640625 0.3830078125 0.268359375
1 0.2951171875 0.268359375 0.282421875 0.2712890625 0.298046875 0.2791015625 0.2951171875 0.268359375
1 0.0680188328125 0.057414668749999995 0.0555452203125 0.053034621875 0.0438841390625 0.059702026562499996 0.034865896875 0.0665598671875 0.0401198375 0.0679923765625 0.059988746875 0.0677807796875 0.07204128125 0.0666381578125 0.0735457328125 0.0677617359375 0.073287584375 0.065336840625 0.0680188328125 0.057414668749999995
1 0 0.0673879703125 0.0042923234375000004 0.06820185625 0.0162475234375 0.0601379140625 0.005498421875 0.05785055625 0 0.05785055625 0 0.0673879703125
1 0 0.054259982812499996 0.0059554703125 0.054179357812499995 0.00638924375 0.0529372875 0.0091802015625 0.0484514421875 0 0.0484351484375 0 0.054259982812499996
1 0.35260090625 0.65 0.3624663671875 0.6005395171875 0.3629768953125 0.5141061296875 0.3156201421875 0.47166852343750004 0.2618286125 0.41266004062499995 0.21968881406250002 0.3661913921875 0.178793425 0.35977788906249997 0.168545646875 0.41927562656250006 0.175863209375 0.5164194578125 0.152985190625 0.5918339578125 0.1593631828125 0.65 0.35260090625 0.65
1 0.60234375 0.3170804046875 0.59296875 0.3293826890625 0.589453125 0.3399275046875 0.587109375 0.342270796875 0.58359375 0.355744728125 0.585546875 0.40026728125 0.5828125 0.407297159375 0.585546875 0.4207710890625 0.583203125 0.4389316046875 0.580078125 0.440689075 0.574609375 0.4389316046875 0.568359375 0.4494764203125 0.562890625 0.45474882812499995 0.514453125 0.4676369359375 0.507421875 0.4717376984375 0.507421875 0.5355924140625 0.515234375 0.5385215296875 0.539453125 0.5279767140625 0.576171875 0.5314916515625 0.581640625 0.51508860625 0.58515625 0.5098161984375 0.59375 0.5051296140625 0.62578125 0.5027863203125 0.637890625 0.5051296140625 0.6484375 0.4975139140625 0.656640625 0.49517062031250003 0.71015625 0.49106985937500003 0.718359375 0.492827328125 0.723828125 0.496928090625 0.7359375 0.515674428125 0.74921875 0.5250475984375 0.767578125 0.5297341828125 0.784765625 0.53793570625 0.8 0.5373498828125001 0.814453125 0.540864821875 0.834765625 0.5344207671875 0.85703125 0.518017721875 0.877734375 0.5086445515625 0.8890625 0.504543790625 0.914453125 0.5004430281250001 0.932421875 0.4904840359375 0.953515625 0.4857974515625 0.962890625 0.48052504375 0.97421875 0.4793533984375 0.97890625 0.47583845937499997 0.9796875 0.469980228125 0.97578125 0.46295035156250003 0.975 0.45650629687500005 0.96015625 0.4494764203125 0.95390625 0.4371741359375 0.9546875 0.42662932031249995 0.953125 0.41725615156250007 0.955078125 0.3873791734375 0.95234375 0.37624853593749996 0.95 0.37273359687499996 0.935546875 0.3580880203125 0.93515625 0.3534014359375 0.937890625 0.348129028125 0.93671875 0.3463715578125 0.88828125 0.319423696875 0.8578125 0.30770723437499997 0.814453125 0.29540495 0.780859375 0.29364748125 0.694921875 0.305949765625 0.621484375 0.3071214125 0.60234375 0.3170804046875
1 0.6064976140625 0.65 0.5655780078125 0.696546053125 0.59941259375 0.74917763125 0.5806156015624999 0.90707236875 0.670841165625 0.928125 0.75730733125 0.9754934203125 0.9302396609375 0.9807565796875 0.9640742484375 0.8860197375000001 0.94527725625 0.6912828953125001 0.8625704890625 0.6807565796875 0.7797643140625 0.65 0.6064976140625 0.65
1 0.834375 0.7361328125 0.8373046875 0.748828125 0.871484375 0.7478515625 0.8880859375 0.744921875 0.894921875 0.7302734375 0.8685546875 0.72734375 0.834375 0.7361328125
1 0.6555078125 0.65 0.646875 0.6599609375 0.63125 0.6970703125 0.625390625 0.7341796875 0.625390625 0.7849609375 0.63125 0.8025390625 0.6234375 0.8201171875 0.6234375 0.8552734375 0.613671875 0.8728515625 0.6234375 0.9333984375 0.7044921875 0.944140625 0.723046875 0.9568359375 0.7201171875 0.96171875 0.7279296875 0.959765625 0.7533203125 0.97734375 0.86171875 0.9861328125 0.8890625 0.9763671875 0.887109375 0.9529296875 0.8958984375 0.932421875 0.949609375 0.9080078125 0.94375 0.8611328125 0.94765625 0.8376953125 0.928125 0.8005859375 0.922265625 0.7673828125 0.89296875 0.7517578125 0.8880859375 0.725390625 0.8431640625 0.701953125 0.8216796875 0.682421875 0.8060546875 0.678515625 0.7826171875 0.655078125 0.75849609375 0.65 0.6555078125 0.65
1 0.5644254828124999 0.65 0.565242321875 0.6799045859375 0.6393719453125 0.682946528125 0.6642844109375 0.65 0.5644254828124999 0.65
1 0.5658014515625001 0.65 0.561211353125 0.662917778125 0.5620782281250001 0.7363223796875 0.550737928125 0.8327740328125 0.52388056875 0.8607465093750001 0.5025199828125 0.9357863515625 0.4890625 0.9483405390625 0.4890625 1 0.5626096953124999 1 0.5636583046875 0.9828458359375001 0.6089564578125 0.9505744484375 0.6322872125 0.9197649265625 0.628362634375 0.8549699703125 0.6324448265625 0.7483561796875 0.646578828125 0.662224278125 0.656153034375 0.65 0.5658014515625001 0.65