1 0.0421875 0.3158203125 0.0548828125 0.33046875 0.1046875 0.3353515625 0.106640625 0.3255859375 0.0919921875 0.31484375 0.0490234375 0.30703125 0.0421875 0.3158203125
1 0.091015625 0.2748046875 0.0861328125 0.26796875 0.067578125 0.2689453125 0.0705078125 0.27578125 0.091015625 0.2748046875
1 0.329296875 0.3666015625 0.3205078125 0.348046875 0.294140625 0.3470703125 0.2990234375 0.355859375 0.329296875 0.3666015625
1 0.1798828125 0.336328125 0.196484375 0.3353515625 0.20234375 0.3314453125 0.1974609375 0.3265625 0.176953125 0.3255859375 0.1798828125 0.336328125
1 0.21015625 0.2865234375 0.2189453125 0.29921875 0.243359375 0.3060546875 0.24921875 0.2982421875 0.2365234375 0.28359375 0.2208984375 0.2796875 0.21015625 0.2865234375
1 0.29598524375 0.4390625 0.2931640625 0.433984375 0.284375 0.4369140625 0.2859095984375 0.4390625 0.29598524375 0.4390625
1 0.28046875 0.3314453125 0.2794921875 0.31875 0.255078125 0.3158203125 0.2580078125 0.3265625 0.28046875 0.3314453125
1 0.0454259859375 0.22645905625 0.043905365625 0.232144571875 0.055517178125 0.234439603125 0.071886084375 0.23332245624999998 0.0655563109375 0.2240664109375 0.05523951875000001 0.223333215625 0.0454259859375 0.22645905625
1 0.6429777921875 0 0.659027778125 0.03423996875 0.7189236109375 0.05275848749999999 0.7779513890625 0.0450424375 0.8126736109374999 0.026523920312499998 0.8132704000000001 0 0.6429777921875 0
1 0 0.7161829546874999 0.014036578125 0.7146042890625 0.08341704062500001 0.710558825 0.104296875 0.7345703125 0.135546875 0.7052734375 0.1375 0.5763671875 0.1208984375 0.565625 0.095541778125 0.5898691703125 0.059841182812500004 0.6060510265625 0.038286053125000004 0.6053767609375 0 0.5993257828124999 0 0.7161829546874999
1 0.83368055625 0.7160879625 0.8892361109374999 0.7268904328125 0.9083333328125001 0.7191743828125 0.9057291671875 0.69756944375 0.86493055625 0.6636188265625 0.82586805625 0.63584105 0.79288194375 0.6342978390624999 0.7720486109375 0.6605324078125 0.742534721875 0.6790509265625 0.7564236109375 0.6991126546875 0.7911458328125 0.703742284375 0.83368055625 0.7160879625