1 0.616840278125 0.3515046296875 0.686284721875 0.3407021609375 0.7123263890625 0.308294753125 0.694097221875 0.280516975 0.6489583328124999 0.27588734531250003 0.6020833328124999 0.29440586406249997 0.562152778125 0.3314429015625 0.616840278125 0.3515046296875
1 0.83211805625 0.2820601859375 0.804340278125 0.271257715625 0.7609375 0.2743441359375 0.734027778125 0.2866898140625 0.7479166671874999 0.3407021609375 0.7861111109375 0.346875 0.8486111109374999 0.3314429015625 0.851215278125 0.30675154375 0.82256944375 0.300578703125 0.83211805625 0.2820601859375
2 1 0.3412819609375 0.4890625 0.3637572171875 0.4890625 0.44911272343749997 0.5880859375 0.440625 0.7208984375 0.440625 0.9181640625 0.42109375 0.9865234375 0.415234375 1 0.41424345156250003 1 0.3412819609375
1 0.3963636359375 0.57151639375 0.3854545453125 0.5988387984375001 0.429090909375 0.5933743171875 0.3963636359375 0.57151639375
1 0.29818181875 0.5988387984375001 0.269090909375 0.6261612015625 0.33090909062499996 0.620696721875 0.29818181875 0.5988387984375001
1 0.2363636359375 0.7409152999999999 0.2363636359375 0.7190573765625 0.21090909062500002 0.713592896875 0.17818181875 0.74637978125 0.22181818125000002 0.75730874375 0.2363636359375 0.7409152999999999
1 0.2363636359375 0.8064890703125001 0.2254545453125 0.795560109375 0.1927272734375 0.8611338796875 0.2363636359375 0.8720628421875001 0.2363636359375 0.8064890703125001
1 0.37818181875 0.7627732234375 0.3963636359375 0.7354508203125001 0.3563636359375 0.713592896875 0.33818181875 0.7299863390625 0.33818181875 0.7627732234375 0.37818181875 0.7627732234375
1 0.1771136375 1 0.1672727265625 0.9704234968750001 0.130909090625 0.964959015625 0.092045453125 1 0.1771136375 1
1 0.38181818125 0.92670765 0.410909090625 0.9103142078124999 0.40727272656249996 0.8556693984375 0.36 0.8502049187499999 0.290909090625 0.8775273218749999 0.27999999999999997 0.9103142078124999 0.38181818125 0.92670765
1 0.715647525 0.9396296203125001 0.707350540625 0.9405323031249999 0.70255544375 0.9466788546875 0.7029668921875001 0.9580395218749999 0.7145666515625 0.9570791906250001 0.7317355593749999 0.9637896796875001 0.7425656421875 0.9675793890625 0.7532289265625 0.9740245062499999 0.764129184375 0.9757288828124999 0.7737773953125 0.978970828125 0.7825097171875 0.9846917953125001 0.7940855875 0.988468484375 0.803094553125 0.9917215875000001 0.80906746875 0.9919962578125 0.8140220046875001 0.9888783499999999 0.8159875218749999 0.9793708343749999 0.8252606531250001 0.9733355812500001 0.8291373 0.9634157765625 0.8245501640625001 0.9570540624999999 0.81602100625 0.9507611593749999 0.807139165625 0.9425797671874999 0.7984068437499999 0.9368588031249999 0.7838610453125 0.9338918093749999 0.7662288609375001 0.9311681531249999 0.7518226640625001 0.9300933640625001 0.7395605156249999 0.929739009375 0.73234216875 0.9313807203125 0.7278501640625 0.9365746609375 0.715647525 0.9396296203125001
0 0.739990234375 1 0.7609375 0.9923828125 0.7189453125 0.96015625 0.690625 0.9689453125 0.7273259937500001 1 0.739990234375 1
1 0.7443359375 0.930859375 0.721875 0.9435546875 0.7287109375 0.95625 0.7501953125 0.96015625 0.8078125 0.9865234375 0.825390625 0.9689453125 0.8087890625 0.940625 0.7853515625 0.9328125 0.7443359375 0.930859375
1 0.5753086390625001 0.8414036546875 0.5641987515625 0.843104821875 0.5601123718750001 0.849718178125 0.5646364296875 0.8501641140625 0.5639413734375001 0.85061555625 0.57667948125 0.8505756421875 0.5908187125 0.8500581359374999 0.5906563031250001 0.842174409375 0.5753086390625001 0.8414036546875
1 0.541018284375 0.8437186734375001 0.5369883359375 0.8477224718749999 0.54500519375 0.84875650625 0.551062878125 0.84824273125 0.5542752765625 0.8462786812499999 0.560272028125 0.84493811875 0.559060840625 0.8401415421875 0.5492887640624999 0.8397424015624999 0.541018284375 0.8437186734375001