1 0.455416646875 0.687407409375 0.44386334375000003 0.7417371453125 0.494688225 0.7580381515625 0.5396807671875 0.7521104828125 0.561343825 0.74025525625 0.5621770703125 0.7032074078125 0.51051894375 0.6869065156249999 0.455416646875 0.687407409375
1 0.28388992968750004 0.9077112078124999 0.3155513015625 0.9254942156249999 0.3505455296875 0.9180846562499999 0.41053554375 0.90622931875 0.478857571875 0.8988197609374999 0.47635796093750005 0.815832728125 0.42969905468749997 0.781748715625 0.3838733296875 0.7802668265625 0.3038866234375 0.7965678328125 0.28562498125 0.8225925937499999 0.28388992968750004 0.9077112078124999
1 0.6929887234375001 0.7698934890625 0.6479961171874999 0.7921221640625 0.6221671484375 0.81731461875 0.58249998125 0.8225925937499999 0.593005259375 0.8869645343749999 0.6329985812500001 0.9240123265625 0.722150546875 0.9225303234375 0.8038035546875 0.9121569875000001 0.8471297968749999 0.88400064375 0.863793696875 0.820278509375 0.8246334296875 0.771375378125 0.756311465625 0.7698934890625 0.6929887234375001 0.7698934890625
1 0.3280492265625 0.5698353578125 0.358044296875 0.56835346875 0.366376246875 0.5416790703125 0.3263828625 0.52389611875 0.299166646875 0.5503703718749999 0.3280492265625 0.5698353578125
1 0.5296824531250001 0.4053431859375 0.5563446671875 0.399415515625 0.5646766171875 0.3564401109375 0.54051395 0.35940394531250003 0.5064583140625001 0.3762962984375 0.5296824531250001 0.4053431859375
1 0.6564583140625 0.36888889062499997 0.6863231375 0.42016230156249995 0.7404808125 0.4186804125 0.777141340625 0.40682507343749996 0.7788077046875 0.371259228125 0.74964588125 0.3653315578125 0.7146517171875 0.3653315578125 0.6564583140625 0.36888889062499997
1 0.69965418125 0.4616558171875 0.6879895015625 0.43498141874999996 0.6604940421875 0.43053569375 0.61999998125 0.44111111249999996 0.6438301421875 0.4735110984375 0.67882430625 0.4735110984375 0.69965418125 0.4616558171875
1 0.600504028125 0.3342114359375 0.6429970234375 0.28975408593749996 0.6221671484375 0.28975408593749996 0.58249998125 0.29666666875000003 0.600504028125 0.3342114359375
1 0.76214380625 0.7002436296875 0.749166646875 0.7207407421875 0.8246334296875 0.7372913640625 0.8496292796875 0.7861944953125 0.875458375 0.8780729734375001 0.908786175 0.9832887937500001 0.9887729453125 0.9655057859375 0.9929389203125 0.9269761046875 0.9971048953125001 0.7698934890625 0.9896060640625001 0.6572682828125 0.9887729453125 0.532787565625 0.9529455359375 0.38756023281249996 0.9279496859374999 0.470547321875 0.8904559109375001 0.49573977343750003 0.850462525 0.49870360937499997 0.8404642109375 0.5387152359375 0.8579612296875 0.559462021875 0.889622665625 0.593545978125 0.8712924 0.6187384875 0.8271330406249999 0.6217022671875 0.8096360218750001 0.6454128875 0.7913056296875001 0.6839425671875 0.76214380625 0.7002436296875
1 0.775390625 0.3876953125 0.7568359375 0.376953125 0.6845703125 0.37109375 0.65625 0.3759765625 0.6591796875 0.384765625 0.7080078125 0.40234375 0.7578125 0.4013671875 0.7705078125 0.396484375 0.775390625 0.3876953125
1 0.64453125 0.2919921875 0.6005859375 0.2890625 0.578125 0.2939453125 0.5888671875 0.30859375 0.60546875 0.3076171875 0.6318359375 0.3046875 0.64453125 0.2919921875
1 0.568359375 0.3701171875 0.5322265625 0.365234375 0.505859375 0.3779296875 0.5126953125 0.38671875 0.548828125 0.3876953125 0.5654296875 0.3828125 0.568359375 0.3701171875
1 0.3681640625 0.33984375 0.361328125 0.3447265625 0.3623046875 0.349609375 0.392578125 0.3486328125 0.40234375 0.3408203125 0.3681640625 0.33984375
1 0.568359375 0.3701171875 0.5322265625 0.365234375 0.505859375 0.3779296875 0.5126953125 0.38671875 0.548828125 0.3876953125 0.5654296875 0.3828125 0.568359375 0.3701171875
1 0.599609375 0.3212890625 0.5888671875 0.3125 0.5556640625 0.3125 0.544921875 0.3193359375 0.5498046875 0.33203125 0.578125 0.3330078125 0.5966796875 0.328125 0.599609375 0.3212890625
1 0.3544921875 0.548828125 0.3349609375 0.548828125 0.314453125 0.5595703125 0.3193359375 0.5703125 0.341796875 0.5693359375 0.35546875 0.5595703125 0.3544921875 0.548828125
1 0.8095703125 0.5390625 0.7822265625 0.537109375 0.7734375 0.5439453125 0.7802734375 0.56640625 0.8125 0.5712890625 0.82421875 0.5537109375 0.8095703125 0.5390625
1 0.8330078125 0.453125 0.8203125 0.4580078125 0.8212890625 0.46484375 0.84375 0.4697265625 0.8447265625 0.458984375 0.8330078125 0.453125
1 0.84375 0.8564453125 0.8232421875 0.833984375 0.7861328125 0.814453125 0.78125 0.8154296875 0.783203125 0.8349609375 0.7705078125 0.8359375 0.763671875 0.8271484375 0.767578125 0.8115234375 0.7587890625 0.80859375 0.7158203125 0.8359375 0.7041015625 0.828125 0.6650390625 0.828125 0.626953125 0.8486328125 0.6396484375 0.86328125 0.6962890625 0.876953125 0.814453125 0.8876953125 0.84375 0.8798828125 0.84375 0.8564453125
1 0.5322265625 0.73828125 0.54296875 0.7392578125 0.5380859375 0.728515625 0.5107421875 0.708984375 0.4775390625 0.70703125 0.455078125 0.7275390625 0.4658203125 0.75 0.509765625 0.7548828125 0.5244140625 0.75390625 0.5322265625 0.73828125